# NP comments : Assume 1.5 yr survey
# NP comments : Use 6 exposures
# Revision: May 17, 2012


DRM2, 577 s exposures, 45 degrees ecliptic latitude
t = 229 days to survey 2700 deg^2

Tiling parameters:

Nx	7
Ny	2
deltax	0.0978
deltay	0.0978
gammax	0.22
gammay	0.02

M=2 fast diagonal quadruple pass (4 roll angles)

Coverage probabilities:

col1 = number of exposures M
col2 = probability(M)
col3 = probability(>=M)

0	1.74716E-08	1
1	1.72299E-06	0.999999983
2	6.80042E-05	0.99999826
3	0.001364273	0.999930255
4	0.014664329	0.998565982
5	0.083664449	0.983901654
6	0.255749854	0.900237205
7	0.397376675	0.644487351
8	0.247110675	0.247110675

Mean depth = 6.774 exposures

Galaxy yields at each layer:

Sobral et al LF, 7 sigma in 5 exposures, 70% completeness

  z  |lambda| EE50 | dV/dz/dA  | Flim@0.30"| n targets | dN/dz/dA  |geom mean F| siglnF |skew lnF|kurt lnF|Num ph 1exp|
     |  um  |arcsec| Mpc3/deg2 |   W/m2    |  Mpc^-3   |   deg^-2  |   W/m2    |        |        |        | 1e-19 W/m2|
1.600 1.7069 0.3937 1.16446E+07 1.66855E-19 1.42972E-04 1.66485E+03 1.96464E-19   0.3272   0.7345   0.4949 2.90640E+02
1.650 1.7397 0.3921 1.18112E+07 1.59318E-19 1.48547E-04 1.75452E+03 1.86983E-19   0.3295   0.7404   0.5043 3.04498E+02
1.700 1.7726 0.3904 1.19637E+07 1.48328E-19 1.65494E-04 1.97992E+03 1.74303E-19   0.3353   0.7500   0.5186 3.27191E+02
1.750 1.8054 0.3888 1.21027E+07 1.40378E-19 1.77120E-04 2.14364E+03 1.64860E-19   0.3393   0.7574   0.5293 3.45875E+02
1.800 1.8382 0.3873 1.22291E+07 1.35141E-19 1.82205E-04 2.22820E+03 1.58290E-19   0.3414   0.7625   0.5370 3.59457E+02
1.850 1.8710 0.3859 1.23435E+07 1.31974E-19 1.81607E-04 2.24167E+03 1.53914E-19   0.3420   0.7659   0.5423 3.68282E+02
1.900 1.9039 0.3846 1.24465E+07 1.28975E-19 1.81394E-04 2.25773E+03 1.49828E-19   0.3426   0.7693   0.5478 3.77068E+02
1.950 1.9367 0.3834 1.25388E+07 1.27003E-19 1.78504E-04 2.23823E+03 1.46858E-19   0.3425   0.7719   0.5522 3.83169E+02
2.000 1.9695 0.3823 1.26210E+07 1.25747E-19 1.73942E-04 2.19532E+03 1.44680E-19   0.3418   0.7740   0.5560 3.87265E+02
2.050 2.0023 0.3813 1.26936E+07 1.24605E-19 1.69731E-04 2.15451E+03 1.42696E-19   0.3412   0.7762   0.5599 3.91108E+02
2.100 2.0352 0.3805 1.27573E+07 1.23519E-19 1.66006E-04 2.11779E+03 1.40843E-19   0.3408   0.7785   0.5639 3.94866E+02
2.150 2.0680 0.3798 1.28125E+07 1.22194E-19 1.63667E-04 2.09698E+03 1.38835E-19   0.3407   0.7812   0.5684 3.99490E+02
2.200 2.1008 0.3793 1.28598E+07 1.19254E-19 1.67246E-04 2.15074E+03 1.35358E-19   0.3426   0.7858   0.5750 4.09718E+02
2.250 2.1336 0.3789 1.28995E+07 1.16392E-19 1.65794E-04 2.13866E+03 1.31508E-19   0.3424   0.7892   0.5808 4.20200E+02
2.300 2.1664 0.3786 1.29323E+07 1.13763E-19 1.56297E-04 2.02127E+03 1.27217E-19   0.3386   0.7907   0.5853 4.30355E+02
2.350 2.1993 0.3785 1.29585E+07 1.11136E-19 1.47761E-04 1.91476E+03 1.23064E-19   0.3351   0.7924   0.5900 4.41010E+02
2.400 2.2321 0.3785 1.29785E+07 1.09675E-19 1.36397E-04 1.77023E+03 1.20111E-19   0.3304   0.7931   0.5932 4.47400E+02
2.450 2.2649 0.3786 1.29927E+07 1.08612E-19 1.24878E-04 1.62251E+03 1.17620E-19   0.3254   0.7935   0.5959 4.52322E+02
2.500 2.2977 0.3789 1.30015E+07 1.07593E-19 1.14288E-04 1.48591E+03 1.15254E-19   0.3205   0.7940   0.5984 4.57183E+02
2.550 2.3306 0.3793 1.30051E+07 1.08467E-19 9.98370E-05 1.29839E+03 1.14647E-19   0.3136   0.7927   0.5978 4.54100E+02
2.600 2.3634 0.3798 1.30041E+07 1.09945E-19 8.57329E-05 1.11488E+03 1.14608E-19   0.3063   0.7911   0.5959 4.48610E+02
2.650 2.3962 0.3804 1.29985E+07 1.11279E-19 7.37158E-05 9.58199E+02 1.14466E-19   0.2993   0.7901   0.5937 4.43872E+02

Available galaxy density:    2.03488E+03 gal/deg^2

Sobral et al LF, 7 sigma in 6 exposures, 70% completeness

  z  |lambda| EE50 | dV/dz/dA  | Flim@0.30"| n targets | dN/dz/dA  |geom mean F| siglnF |skew lnF|kurt lnF|Num ph 1exp|
     |  um  |arcsec| Mpc3/deg2 |   W/m2    |  Mpc^-3   |   deg^-2  |   W/m2    |        |        |        | 1e-19 W/m2|
1.600 1.7069 0.3937 1.16446E+07 1.52246E-19 1.81611E-04 2.11479E+03 1.81782E-19   0.3387   0.7479   0.5135 2.90640E+02
1.650 1.7397 0.3921 1.18112E+07 1.45369E-19 1.88051E-04 2.22110E+03 1.73023E-19   0.3411   0.7536   0.5221 3.04498E+02
1.700 1.7726 0.3904 1.19637E+07 1.35341E-19 2.08013E-04 2.48860E+03 1.61309E-19   0.3470   0.7629   0.5348 3.27191E+02
1.750 1.8054 0.3888 1.21027E+07 1.28088E-19 2.21535E-04 2.68118E+03 1.52586E-19   0.3512   0.7701   0.5443 3.45875E+02
1.800 1.8382 0.3873 1.22291E+07 1.23309E-19 2.27264E-04 2.77925E+03 1.46516E-19   0.3534   0.7751   0.5511 3.59457E+02
1.850 1.8710 0.3859 1.23435E+07 1.20419E-19 2.26274E-04 2.79302E+03 1.42474E-19   0.3540   0.7783   0.5561 3.68282E+02
1.900 1.9039 0.3846 1.24465E+07 1.17683E-19 2.25740E-04 2.80968E+03 1.38701E-19   0.3546   0.7816   0.5611 3.77068E+02
1.950 1.9367 0.3834 1.25388E+07 1.15884E-19 2.22054E-04 2.78429E+03 1.35959E-19   0.3545   0.7841   0.5652 3.83169E+02
2.000 1.9695 0.3823 1.26210E+07 1.14738E-19 2.16403E-04 2.73122E+03 1.33949E-19   0.3538   0.7860   0.5689 3.87265E+02
2.050 2.0023 0.3813 1.26936E+07 1.13696E-19 2.11173E-04 2.68056E+03 1.32118E-19   0.3532   0.7881   0.5726 3.91108E+02
2.100 2.0352 0.3805 1.27573E+07 1.12704E-19 2.06523E-04 2.63467E+03 1.30409E-19   0.3528   0.7903   0.5765 3.94866E+02
2.150 2.0680 0.3798 1.28125E+07 1.11496E-19 2.03511E-04 2.60748E+03 1.28557E-19   0.3528   0.7928   0.5807 3.99490E+02
2.200 2.1008 0.3793 1.28598E+07 1.08813E-19 2.07468E-04 2.66799E+03 1.25348E-19   0.3547   0.7972   0.5865 4.09718E+02
2.250 2.1336 0.3789 1.28995E+07 1.06202E-19 2.05578E-04 2.65187E+03 1.21791E-19   0.3545   0.8004   0.5920 4.20200E+02
2.300 2.1664 0.3786 1.29323E+07 1.03803E-19 1.94331E-04 2.51314E+03 1.17822E-19   0.3506   0.8018   0.5969 4.30355E+02
2.350 2.1993 0.3785 1.29585E+07 1.01406E-19 1.84195E-04 2.38688E+03 1.13980E-19   0.3470   0.8034   0.6018 4.41010E+02
2.400 2.2321 0.3785 1.29785E+07 1.00073E-19 1.70688E-04 2.21526E+03 1.11248E-19   0.3422   0.8040   0.6057 4.47400E+02
2.450 2.2649 0.3786 1.29927E+07 9.91031E-20 1.56951E-04 2.03922E+03 1.08942E-19   0.3371   0.8042   0.6090 4.52322E+02
2.500 2.2977 0.3789 1.30015E+07 9.81734E-20 1.44273E-04 1.87575E+03 1.06752E-19   0.3321   0.8046   0.6122 4.57183E+02
2.550 2.3306 0.3793 1.30051E+07 9.89704E-20 1.26910E-04 1.65048E+03 1.06188E-19   0.3251   0.8031   0.6129 4.54100E+02
2.600 2.3634 0.3798 1.30041E+07 1.00320E-19 1.09854E-04 1.42854E+03 1.06148E-19   0.3175   0.8013   0.6122 4.48610E+02
2.650 2.3962 0.3804 1.29985E+07 1.01536E-19 9.52143E-05 1.23765E+03 1.06014E-19   0.3103   0.7999   0.6112 4.43872E+02

Available galaxy density:    2.54516E+03 gal/deg^2

Sobral et al LF, 7 sigma in 7 exposures, 70% completeness

  z  |lambda| EE50 | dV/dz/dA  | Flim@0.30"| n targets | dN/dz/dA  |geom mean F| siglnF |skew lnF|kurt lnF|Num ph 1exp|
     |  um  |arcsec| Mpc3/deg2 |   W/m2    |  Mpc^-3   |   deg^-2  |   W/m2    |        |        |        | 1e-19 W/m2|
1.600 1.7069 0.3937 1.16446E+07 1.40901E-19 2.20060E-04 2.56252E+03 1.70249E-19   0.3487   0.7590   0.5272 2.90640E+02
1.650 1.7397 0.3921 1.18112E+07 1.34537E-19 2.27254E-04 2.68415E+03 1.62056E-19   0.3511   0.7645   0.5351 3.04498E+02
1.700 1.7726 0.3904 1.19637E+07 1.25256E-19 2.49972E-04 2.99058E+03 1.51101E-19   0.3573   0.7736   0.5463 3.27191E+02
1.750 1.8054 0.3888 1.21027E+07 1.18543E-19 2.65197E-04 3.20961E+03 1.42943E-19   0.3615   0.7805   0.5547 3.45875E+02
1.800 1.8382 0.3873 1.22291E+07 1.14120E-19 2.71466E-04 3.31979E+03 1.37266E-19   0.3638   0.7853   0.5609 3.59457E+02
1.850 1.8710 0.3859 1.23435E+07 1.11446E-19 2.70054E-04 3.33341E+03 1.33487E-19   0.3644   0.7884   0.5654 3.68282E+02
1.900 1.9039 0.3846 1.24465E+07 1.08914E-19 2.69165E-04 3.35018E+03 1.29959E-19   0.3651   0.7915   0.5700 3.77068E+02
1.950 1.9367 0.3834 1.25388E+07 1.07249E-19 2.64687E-04 3.31887E+03 1.27396E-19   0.3649   0.7939   0.5740 3.83169E+02
2.000 1.9695 0.3823 1.26210E+07 1.06188E-19 2.57975E-04 3.25591E+03 1.25518E-19   0.3643   0.7958   0.5775 3.87265E+02
2.050 2.0023 0.3813 1.26936E+07 1.05224E-19 2.51750E-04 3.19563E+03 1.23807E-19   0.3637   0.7978   0.5811 3.91108E+02
2.100 2.0352 0.3805 1.27573E+07 1.04306E-19 2.46192E-04 3.14074E+03 1.22211E-19   0.3632   0.7998   0.5848 3.94866E+02
2.150 2.0680 0.3798 1.28125E+07 1.03188E-19 2.42507E-04 3.10712E+03 1.20482E-19   0.3632   0.8023   0.5888 3.99490E+02
2.200 2.1008 0.3793 1.28598E+07 1.00705E-19 2.46763E-04 3.17331E+03 1.17482E-19   0.3652   0.8065   0.5939 4.09718E+02
2.250 2.1336 0.3789 1.28995E+07 9.82887E-20 2.44433E-04 3.15308E+03 1.14155E-19   0.3650   0.8096   0.5991 4.20200E+02
2.300 2.1664 0.3786 1.29323E+07 9.60686E-20 2.31556E-04 2.99455E+03 1.10439E-19   0.3611   0.8109   0.6042 4.30355E+02
2.350 2.1993 0.3785 1.29585E+07 9.38501E-20 2.19926E-04 2.84990E+03 1.06842E-19   0.3574   0.8124   0.6095 4.41010E+02
2.400 2.2321 0.3785 1.29785E+07 9.26160E-20 2.04419E-04 2.65305E+03 1.04283E-19   0.3525   0.8128   0.6138 4.47400E+02
2.450 2.2649 0.3786 1.29927E+07 9.17188E-20 1.88610E-04 2.45055E+03 1.02123E-19   0.3473   0.8130   0.6178 4.52322E+02
2.500 2.2977 0.3789 1.30015E+07 9.08584E-20 1.73973E-04 2.26191E+03 1.00072E-19   0.3422   0.8133   0.6215 4.57183E+02
2.550 2.3306 0.3793 1.30051E+07 9.15961E-20 1.53875E-04 2.00117E+03 9.95415E-20   0.3350   0.8118   0.6232 4.54100E+02
2.600 2.3634 0.3798 1.30041E+07 9.28448E-20 1.34033E-04 1.74297E+03 9.95014E-20   0.3273   0.8099   0.6237 4.48610E+02
2.650 2.3962 0.3804 1.29985E+07 9.39708E-20 1.16904E-04 1.51959E+03 9.93729E-20   0.3200   0.8083   0.6238 4.43872E+02

Available galaxy density:    3.04705E+03 gal/deg^2

Sobral et al LF, 7 sigma in 8 exposures, 70% completeness

  z  |lambda| EE50 | dV/dz/dA  | Flim@0.30"| n targets | dN/dz/dA  |geom mean F| siglnF |skew lnF|kurt lnF|Num ph 1exp|
     |  um  |arcsec| Mpc3/deg2 |   W/m2    |  Mpc^-3   |   deg^-2  |   W/m2    |        |        |        | 1e-19 W/m2|
1.600 1.7069 0.3937 1.16446E+07 1.31762E-19 2.58058E-04 3.00499E+03 1.60866E-19   0.3575   0.7684   0.5375 2.90640E+02
1.650 1.7397 0.3921 1.18112E+07 1.25811E-19 2.65916E-04 3.14078E+03 1.53135E-19   0.3600   0.7738   0.5447 3.04498E+02
1.700 1.7726 0.3904 1.19637E+07 1.17132E-19 2.91167E-04 3.48343E+03 1.42796E-19   0.3663   0.7826   0.5546 3.27191E+02
1.750 1.8054 0.3888 1.21027E+07 1.10854E-19 3.07934E-04 3.72685E+03 1.35097E-19   0.3707   0.7893   0.5621 3.45875E+02
1.800 1.8382 0.3873 1.22291E+07 1.06719E-19 3.14658E-04 3.84800E+03 1.29741E-19   0.3730   0.7938   0.5676 3.59457E+02
1.850 1.8710 0.3859 1.23435E+07 1.04218E-19 3.12806E-04 3.86113E+03 1.26175E-19   0.3735   0.7968   0.5719 3.68282E+02
1.900 1.9039 0.3846 1.24465E+07 1.01850E-19 3.11541E-04 3.87761E+03 1.22846E-19   0.3743   0.7998   0.5761 3.77068E+02
1.950 1.9367 0.3834 1.25388E+07 1.00293E-19 3.06281E-04 3.84040E+03 1.20428E-19   0.3741   0.8021   0.5799 3.83169E+02
2.000 1.9695 0.3823 1.26210E+07 9.93010E-20 2.98537E-04 3.76784E+03 1.18657E-19   0.3735   0.8039   0.5833 3.87265E+02
2.050 2.0023 0.3813 1.26936E+07 9.83992E-20 2.91343E-04 3.69820E+03 1.17045E-19   0.3729   0.8058   0.5868 3.91108E+02
2.100 2.0352 0.3805 1.27573E+07 9.75414E-20 2.84897E-04 3.63451E+03 1.15540E-19   0.3724   0.8078   0.5903 3.94866E+02
2.150 2.0680 0.3798 1.28125E+07 9.64957E-20 2.80544E-04 3.59447E+03 1.13910E-19   0.3724   0.8102   0.5941 3.99490E+02
2.200 2.1008 0.3793 1.28598E+07 9.41734E-20 2.85037E-04 3.66551E+03 1.11081E-19   0.3745   0.8141   0.5987 4.09718E+02
2.250 2.1336 0.3789 1.28995E+07 9.19140E-20 2.82270E-04 3.64115E+03 1.07942E-19   0.3742   0.8171   0.6036 4.20200E+02
2.300 2.1664 0.3786 1.29323E+07 8.98380E-20 2.67866E-04 3.46412E+03 1.04431E-19   0.3703   0.8184   0.6089 4.30355E+02
2.350 2.1993 0.3785 1.29585E+07 8.77633E-20 2.54835E-04 3.30228E+03 1.01034E-19   0.3665   0.8198   0.6143 4.41010E+02
2.400 2.2321 0.3785 1.29785E+07 8.66093E-20 2.37455E-04 3.08181E+03 9.86156E-20   0.3616   0.8202   0.6191 4.47400E+02
2.450 2.2649 0.3786 1.29927E+07 8.57703E-20 2.19701E-04 2.85450E+03 9.65744E-20   0.3563   0.8204   0.6236 4.52322E+02
2.500 2.2977 0.3789 1.30015E+07 8.49657E-20 2.03222E-04 2.64218E+03 9.46357E-20   0.3511   0.8207   0.6278 4.57183E+02
2.550 2.3306 0.3793 1.30051E+07 8.56556E-20 1.80546E-04 2.34803E+03 9.41327E-20   0.3438   0.8191   0.6304 4.54100E+02
2.600 2.3634 0.3798 1.30041E+07 8.68234E-20 1.58070E-04 2.05555E+03 9.40925E-20   0.3359   0.8172   0.6320 4.48610E+02
2.650 2.3962 0.3804 1.29985E+07 8.78763E-20 1.38577E-04 1.80130E+03 9.39688E-20   0.3285   0.8155   0.6330 4.43872E+02

Available galaxy density:    3.53852E+03 gal/deg^2
