Here are the Euclid number densities that I am obtaining for the following assumptions:

blue band = 1.10-1.45 um
 red band = 1.45-2.00 um

 diffraction limited at the blue end of the bandpass

 cold telescope (150 K, SiC)

 Sobral et al (2012) HaLF

 7 sigma detection threshold, 70% completeness

 Chris

 ---

 2 exposure depth

  z  |lambda| EE50 | dV/dz/dA  | Flim@0.30"| n targets | dN/dz/dA  |
      |  um  |arcsec| Mpc3/deg2 |   W/m2    |  Mpc^-3   |   deg^-2  | 0.700 1.1160 0.2297 5.56334E+06 3.56250E-19 1.70876E-04 9.50640E+02 0.750 1.1489 0.2315 6.06057E+06 3.33879E-19 1.89962E-04 1.15128E+03 0.800 1.1817 0.2335 6.54313E+06 3.15425E-19 2.11061E-04 1.38100E+03 0.850 1.2145 0.2354 7.00894E+06 3.01278E-19 2.23002E-04 1.56301E+03 0.900 1.2474 0.2373 7.45644E+06 2.89615E-19 2.01417E-04 1.50185E+03 0.950 1.2802 0.2393 7.88451E+06 2.79942E-19 1.81900E-04 1.43419E+03 1.000 1.3130 0.2413 8.29240E+06 2.72837E-19 1.62666E-04 1.34889E+03 1.050 1.3458 0.2433 8.67969E+06 2.67418E-19 1.44931E-04 1.25796E+03 1.100 1.3787 0.2454 9.04621E+06 2.63267E-19 1.28950E-04 1.16651E+03 1.150 1.4115 0.2474 9.39200E+06 2.60703E-19 1.13930E-04 1.07003E+03 1.200 1.4443 0.2494 9.71731E+06 2.64718E-19 9.39210E-05 9.12659E+02 1.250 1.4771 0.2696 1.00225E+07 2.80452E-19 6.69603E-05 6.71109E+02 1.300 1.5100 0.2714 1.03081E+07 2.68660E-19 6.78461E-05 6.99362E+02 1.350 1.5428 0.2731 1.05746E+07 2.59173E-19 6.78039E-05 7.16996E+02 1.400 1.5756 0.2749 1.08226E+07 2.51215E-19 6.73077E-05 7.28446E+02 1.450 1.6084 0.2768 1.10529E+07 2.44917E-19 6.61038E-05 7.30641E+02 1.500 1.6413 0.2786 1.12662E+07 2.39935E-19 6.34722E-05 7.15093E+02 1.550 1.6741 0.2804 1.14632E+07 2.35608E-19 6.03252E-05 6.91521E+02 1.600 1.7069 0.2823 1.16446E+07 2.31880E-19 5.73065E-05 6.67313E+02 1.650 1.7397 0.2841 1.18112E+07 2.29092E-19 5.40911E-05 6.38881E+02 1.700 1.7726 0.2860 1.19637E+07 2.26675E-19 5.11258E-05 6.11651E+02 1.750 1.8054 0.2879 1.21027E+07 2.24586E-19 4.83888E-05 5.85637E+02 1.800 1.8382 0.2898 1.22291E+07 2.22811E-19 4.58519E-05 5.60729E+02 1.850 1.8710 0.2917 1.23435E+07 2.21390E-19 4.34464E-05 5.36281E+02 1.900 1.9039 0.2936 1.24465E+07 2.20333E-19 4.11589E-05 5.12286E+02 1.950 1.9367 0.2955 1.25388E+07 2.20230E-19 3.86029E-05 4.84035E+02 2.000 1.9695 0.2975 1.26210E+07 2.20856E-19 3.59559E-05 4.53799E+02

      1 exposure depth

       z  |lambda| EE50 | dV/dz/dA  | Flim@0.30"| n targets | dN/dz/dA  |
           |  um  |arcsec| Mpc3/deg2 |   W/m2    |  Mpc^-3   |   deg^-2  | 0.700 1.1160 0.2297 5.56334E+06 5.05795E-19 5.86161E-05 3.26101E+02 0.750 1.1489 0.2315 6.06057E+06 4.74031E-19 6.44359E-05 3.90519E+02 0.800 1.1817 0.2335 6.54313E+06 4.47830E-19 7.07703E-05 4.63059E+02 0.850 1.2145 0.2354 7.00894E+06 4.27742E-19 7.36799E-05 5.16418E+02 0.900 1.2474 0.2373 7.45644E+06 4.11182E-19 6.55288E-05 4.88612E+02 0.950 1.2802 0.2393 7.88451E+06 3.97448E-19 5.82579E-05 4.59335E+02 1.000 1.3130 0.2413 8.29240E+06 3.87359E-19 5.11478E-05 4.24138E+02 1.050 1.3458 0.2433 8.67969E+06 3.79665E-19 4.46859E-05 3.87860E+02 1.100 1.3787 0.2454 9.04621E+06 3.73770E-19 3.89630E-05 3.52467E+02 1.150 1.4115 0.2474 9.39200E+06 3.70129E-19 3.36665E-05 3.16196E+02 1.200 1.4443 0.2494 9.71731E+06 3.75828E-19 2.66429E-05 2.58897E+02 1.250 1.4771 0.2696 1.00225E+07 3.98139E-19 1.76066E-05 1.76462E+02 1.300 1.5100 0.2714 1.03081E+07 3.81398E-19 1.80833E-05 1.86404E+02 1.350 1.5428 0.2731 1.05746E+07 3.67928E-19 1.82499E-05 1.92985E+02 1.400 1.5756 0.2749 1.08226E+07 3.56630E-19 1.82604E-05 1.97625E+02 1.450 1.6084 0.2768 1.10529E+07 3.47688E-19 1.80238E-05 1.99217E+02 1.500 1.6413 0.2786 1.12662E+07 3.40614E-19 1.72639E-05 1.94499E+02 1.550 1.6741 0.2804 1.14632E+07 3.34471E-19 1.63075E-05 1.86936E+02 1.600 1.7069 0.2823 1.16446E+07 3.29178E-19 1.53935E-05 1.79252E+02 1.650 1.7397 0.2841 1.18112E+07 3.25219E-19 1.44124E-05 1.70228E+02 1.700 1.7726 0.2860 1.19637E+07 3.21786E-19 1.35158E-05 1.61699E+02 1.750 1.8054 0.2879 1.21027E+07 3.18821E-19 1.26961E-05 1.53657E+02 1.800 1.8382 0.2898 1.22291E+07 3.16299E-19 1.19430E-05 1.46053E+02 1.850 1.8710 0.2917 1.23435E+07 3.14282E-19 1.12338E-05 1.38664E+02 1.900 1.9039 0.2936 1.24465E+07 3.12780E-19 1.05630E-05 1.31472E+02 1.950 1.9367 0.2955 1.25388E+07 3.12634E-19 9.80562E-06 1.22951E+02 2.000 1.9695 0.2975 1.26210E+07 3.13521E-19 9.02202E-06 1.13867E+02
