    0.10027E-04    0.20121E-02
    0.10128E-04    0.20315E-02
    0.10230E-04    0.20511E-02
    0.10332E-04    0.20709E-02
    0.10436E-04    0.20908E-02
    0.10541E-04    0.21110E-02
    0.10647E-04    0.21314E-02
    0.10754E-04    0.21519E-02
    0.10862E-04    0.21727E-02
    0.10971E-04    0.21936E-02
    0.11082E-04    0.22148E-02
    0.11193E-04    0.22362E-02
    0.11305E-04    0.22577E-02
    0.11419E-04    0.22795E-02
    0.11534E-04    0.23015E-02
    0.11650E-04    0.23237E-02
    0.11767E-04    0.23461E-02
    0.11885E-04    0.23688E-02
    0.12004E-04    0.23916E-02
    0.12125E-04    0.24147E-02
    0.12247E-04    0.24380E-02
    0.12370E-04    0.24615E-02
    0.12494E-04    0.24852E-02
    0.12620E-04    0.25092E-02
    0.12747E-04    0.25334E-02
    0.12875E-04    0.25578E-02
    0.13004E-04    0.25825E-02
    0.13135E-04    0.26074E-02
    0.13267E-04    0.26326E-02
    0.13400E-04    0.26580E-02
    0.13535E-04    0.26836E-02
    0.13671E-04    0.27095E-02
    0.13808E-04    0.27356E-02
    0.13947E-04    0.27620E-02
    0.14087E-04    0.27887E-02
    0.14229E-04    0.28156E-02
    0.14372E-04    0.28427E-02
    0.14516E-04    0.28701E-02
    0.14662E-04    0.28978E-02
    0.14810E-04    0.29258E-02
    0.14958E-04    0.29540E-02
    0.15109E-04    0.29825E-02
    0.15261E-04    0.30113E-02
    0.15414E-04    0.30403E-02
    0.15569E-04    0.30697E-02
    0.15725E-04    0.30993E-02
    0.15883E-04    0.31292E-02
    0.16043E-04    0.31593E-02
    0.16204E-04    0.31898E-02
    0.16367E-04    0.32206E-02
    0.16532E-04    0.32517E-02
    0.16698E-04    0.32830E-02
    0.16866E-04    0.33147E-02
    0.17035E-04    0.33467E-02
    0.17206E-04    0.33789E-02
    0.17379E-04    0.34115E-02
    0.17554E-04    0.34444E-02
    0.17730E-04    0.34777E-02
    0.17909E-04    0.35112E-02
    0.18089E-04    0.35451E-02
    0.18270E-04    0.35793E-02
    0.18454E-04    0.36138E-02
    0.18639E-04    0.36487E-02
    0.18827E-04    0.36839E-02
    0.19016E-04    0.37194E-02
    0.19207E-04    0.37553E-02
    0.19400E-04    0.37915E-02
    0.19595E-04    0.38281E-02
    0.19792E-04    0.38650E-02
    0.19991E-04    0.39023E-02
    0.20192E-04    0.39399E-02
    0.20395E-04    0.39779E-02
    0.20600E-04    0.40163E-02
    0.20807E-04    0.40551E-02
    0.21016E-04    0.40942E-02
    0.21227E-04    0.41337E-02
    0.21440E-04    0.41735E-02
    0.21656E-04    0.42138E-02
    0.21874E-04    0.42544E-02
    0.22093E-04    0.42955E-02
    0.22315E-04    0.43369E-02
    0.22540E-04    0.43787E-02
    0.22766E-04    0.44210E-02
    0.22995E-04    0.44636E-02
    0.23226E-04    0.45067E-02
    0.23460E-04    0.45502E-02
    0.23695E-04    0.45941E-02
    0.23933E-04    0.46384E-02
    0.24174E-04    0.46831E-02
    0.24417E-04    0.47283E-02
    0.24662E-04    0.47739E-02
    0.24910E-04    0.48199E-02
    0.25161E-04    0.48664E-02
    0.25413E-04    0.49134E-02
    0.25669E-04    0.49608E-02
    0.25927E-04    0.50086E-02
    0.26187E-04    0.50569E-02
    0.26451E-04    0.51057E-02
    0.26716E-04    0.51550E-02
    0.26985E-04    0.52047E-02
    0.27256E-04    0.52549E-02
    0.27530E-04    0.53056E-02
    0.27807E-04    0.53568E-02
    0.28086E-04    0.54084E-02
    0.28368E-04    0.54606E-02
    0.28654E-04    0.55133E-02
    0.28942E-04    0.55665E-02
    0.29232E-04    0.56202E-02
    0.29526E-04    0.56744E-02
    0.29823E-04    0.57291E-02
    0.30123E-04    0.57844E-02
    0.30425E-04    0.58402E-02
    0.30731E-04    0.58965E-02
    0.31040E-04    0.59534E-02
    0.31352E-04    0.60108E-02
    0.31667E-04    0.60688E-02
    0.31985E-04    0.61273E-02
    0.32307E-04    0.61864E-02
    0.32631E-04    0.62461E-02
    0.32959E-04    0.63064E-02
    0.33291E-04    0.63672E-02
    0.33625E-04    0.64286E-02
    0.33963E-04    0.64906E-02
    0.34305E-04    0.65532E-02
    0.34649E-04    0.66165E-02
    0.34998E-04    0.66803E-02
    0.35349E-04    0.67447E-02
    0.35705E-04    0.68098E-02
    0.36063E-04    0.68755E-02
    0.36426E-04    0.69418E-02
    0.36792E-04    0.70088E-02
    0.37162E-04    0.70764E-02
    0.37535E-04    0.71446E-02
    0.37912E-04    0.72135E-02
    0.38293E-04    0.72831E-02
    0.38678E-04    0.73534E-02
    0.39067E-04    0.74243E-02
    0.39460E-04    0.74959E-02
    0.39856E-04    0.75682E-02
    0.40257E-04    0.76412E-02
    0.40661E-04    0.77149E-02
    0.41070E-04    0.77894E-02
    0.41483E-04    0.78645E-02
    0.41900E-04    0.79404E-02
    0.42321E-04    0.80170E-02
    0.42746E-04    0.80943E-02
    0.43176E-04    0.81724E-02
    0.43610E-04    0.82512E-02
    0.44048E-04    0.83308E-02
    0.44491E-04    0.84111E-02
    0.44938E-04    0.84923E-02
    0.45389E-04    0.85742E-02
    0.45846E-04    0.86569E-02
    0.46306E-04    0.87404E-02
    0.46772E-04    0.88247E-02
    0.47242E-04    0.89098E-02
    0.47717E-04    0.89958E-02
    0.48196E-04    0.90826E-02
    0.48680E-04    0.91702E-02
    0.49170E-04    0.92586E-02
    0.49664E-04    0.93479E-02
    0.50163E-04    0.94381E-02
    0.50667E-04    0.95292E-02
    0.51176E-04    0.96211E-02
    0.51691E-04    0.97139E-02
    0.52210E-04    0.98076E-02
    0.52735E-04    0.99022E-02
    0.53265E-04    0.99977E-02
    0.53800E-04    0.10094E-01
    0.54341E-04    0.10192E-01
    0.54887E-04    0.10290E-01
    0.55439E-04    0.10389E-01
    0.55996E-04    0.10489E-01
    0.56559E-04    0.10590E-01
    0.57127E-04    0.10693E-01
    0.57701E-04    0.10796E-01
    0.58281E-04    0.10900E-01
    0.58867E-04    0.11005E-01
    0.59458E-04    0.11111E-01
    0.60056E-04    0.11218E-01
    0.60660E-04    0.11327E-01
    0.61269E-04    0.11436E-01
    0.61885E-04    0.11546E-01
    0.62507E-04    0.11658E-01
    0.63135E-04    0.11770E-01
    0.63770E-04    0.11883E-01
    0.64411E-04    0.11998E-01
    0.65058E-04    0.12114E-01
    0.65712E-04    0.12231E-01
    0.66372E-04    0.12349E-01
    0.67039E-04    0.12468E-01
    0.67713E-04    0.12588E-01
    0.68393E-04    0.12709E-01
    0.69081E-04    0.12832E-01
    0.69775E-04    0.12956E-01
    0.70476E-04    0.13081E-01
    0.71185E-04    0.13207E-01
    0.71900E-04    0.13334E-01
    0.72623E-04    0.13463E-01
    0.73353E-04    0.13593E-01
    0.74090E-04    0.13724E-01
    0.74834E-04    0.13856E-01
    0.75586E-04    0.13990E-01
    0.76346E-04    0.14125E-01
    0.77113E-04    0.14261E-01
    0.77888E-04    0.14399E-01
    0.78671E-04    0.14538E-01
    0.79462E-04    0.14678E-01
    0.80260E-04    0.14819E-01
    0.81067E-04    0.14962E-01
    0.81882E-04    0.15107E-01
    0.82705E-04    0.15252E-01
    0.83536E-04    0.15400E-01
    0.84376E-04    0.15548E-01
    0.85224E-04    0.15698E-01
    0.86080E-04    0.15850E-01
    0.86945E-04    0.16002E-01
    0.87819E-04    0.16157E-01
    0.88702E-04    0.16313E-01
    0.89593E-04    0.16470E-01
    0.90493E-04    0.16629E-01
    0.91403E-04    0.16789E-01
    0.92322E-04    0.16951E-01
    0.93249E-04    0.17115E-01
    0.94187E-04    0.17280E-01
    0.95133E-04    0.17446E-01
    0.96089E-04    0.17615E-01
    0.97055E-04    0.17785E-01
    0.98030E-04    0.17956E-01
    0.99016E-04    0.18129E-01
    0.10001E-03    0.18304E-01
    0.10102E-03    0.18481E-01
    0.10203E-03    0.18659E-01
    0.10306E-03    0.18839E-01
    0.10409E-03    0.19021E-01
    0.10514E-03    0.19204E-01
    0.10620E-03    0.19389E-01
    0.10726E-03    0.19576E-01
    0.10834E-03    0.19765E-01
    0.10943E-03    0.19956E-01
    0.11053E-03    0.20148E-01
    0.11164E-03    0.20343E-01
    0.11276E-03    0.20539E-01
    0.11390E-03    0.20737E-01
    0.11504E-03    0.20937E-01
    0.11620E-03    0.21139E-01
    0.11736E-03    0.21343E-01
    0.11854E-03    0.21549E-01
    0.11973E-03    0.21757E-01
    0.12094E-03    0.21966E-01
    0.12215E-03    0.22178E-01
    0.12338E-03    0.22392E-01
    0.12462E-03    0.22608E-01
    0.12587E-03    0.22826E-01
    0.12714E-03    0.23046E-01
    0.12842E-03    0.23269E-01
    0.12971E-03    0.23493E-01
    0.13101E-03    0.23720E-01
    0.13233E-03    0.23948E-01
    0.13366E-03    0.24179E-01
    0.13500E-03    0.24413E-01
    0.13636E-03    0.24648E-01
    0.13773E-03    0.24886E-01
    0.13911E-03    0.25126E-01
    0.14051E-03    0.25368E-01
    0.14192E-03    0.25613E-01
    0.14335E-03    0.25860E-01
    0.14479E-03    0.26109E-01
    0.14624E-03    0.26361E-01
    0.14771E-03    0.26615E-01
    0.14920E-03    0.26872E-01
    0.15070E-03    0.27131E-01
    0.15221E-03    0.27393E-01
    0.15374E-03    0.27657E-01
    0.15529E-03    0.27924E-01
    0.15685E-03    0.28193E-01
    0.15842E-03    0.28465E-01
    0.16002E-03    0.28740E-01
    0.16162E-03    0.29017E-01
    0.16325E-03    0.29297E-01
    0.16489E-03    0.29579E-01
    0.16655E-03    0.29864E-01
    0.16822E-03    0.30152E-01
    0.16991E-03    0.30443E-01
    0.17162E-03    0.30737E-01
    0.17334E-03    0.31033E-01
    0.17509E-03    0.31333E-01
    0.17685E-03    0.31635E-01
    0.17862E-03    0.31940E-01
    0.18042E-03    0.32248E-01
    0.18223E-03    0.32559E-01
    0.18406E-03    0.32873E-01
    0.18591E-03    0.33190E-01
    0.18778E-03    0.33510E-01
    0.18967E-03    0.33833E-01
    0.19157E-03    0.34159E-01
    0.19350E-03    0.34489E-01
    0.19544E-03    0.34821E-01
    0.19741E-03    0.35157E-01
    0.19939E-03    0.35496E-01
    0.20140E-03    0.35839E-01
    0.20342E-03    0.36184E-01
    0.20547E-03    0.36533E-01
    0.20753E-03    0.36885E-01
    0.20962E-03    0.37241E-01
    0.21172E-03    0.37600E-01
    0.21385E-03    0.37963E-01
    0.21600E-03    0.38329E-01
    0.21817E-03    0.38698E-01
    0.22036E-03    0.39072E-01
    0.22258E-03    0.39448E-01
    0.22481E-03    0.39829E-01
    0.22707E-03    0.40213E-01
    0.22936E-03    0.40601E-01
    0.23166E-03    0.40992E-01
    0.23399E-03    0.41387E-01
    0.23634E-03    0.41786E-01
    0.23872E-03    0.42189E-01
    0.24112E-03    0.42596E-01
    0.24354E-03    0.43007E-01
    0.24599E-03    0.43422E-01
    0.24846E-03    0.43840E-01
    0.25096E-03    0.44263E-01
    0.25348E-03    0.44690E-01
    0.25603E-03    0.45121E-01
    0.25860E-03    0.45556E-01
    0.26120E-03    0.45995E-01
    0.26382E-03    0.46438E-01
    0.26647E-03    0.46886E-01
    0.26915E-03    0.47338E-01
    0.27186E-03    0.47794E-01
    0.27459E-03    0.48255E-01
    0.27735E-03    0.48720E-01
    0.28014E-03    0.49190E-01
    0.28295E-03    0.49664E-01
    0.28580E-03    0.50143E-01
    0.28867E-03    0.50627E-01
    0.29157E-03    0.51115E-01
    0.29450E-03    0.51607E-01
    0.29746E-03    0.52105E-01
    0.30045E-03    0.52607E-01
    0.30347E-03    0.53114E-01
    0.30652E-03    0.53626E-01
    0.30960E-03    0.54143E-01
    0.31271E-03    0.54665E-01
    0.31585E-03    0.55192E-01
    0.31903E-03    0.55724E-01
    0.32223E-03    0.56261E-01
    0.32547E-03    0.56804E-01
    0.32874E-03    0.57351E-01
    0.33205E-03    0.57904E-01
    0.33538E-03    0.58462E-01
    0.33876E-03    0.59025E-01
    0.34216E-03    0.59594E-01
    0.34560E-03    0.60169E-01
    0.34907E-03    0.60749E-01
    0.35258E-03    0.61334E-01
    0.35612E-03    0.61925E-01
    0.35970E-03    0.62522E-01
    0.36332E-03    0.63124E-01
    0.36697E-03    0.63733E-01
    0.37066E-03    0.64347E-01
    0.37438E-03    0.64967E-01
    0.37814E-03    0.65593E-01
    0.38195E-03    0.66225E-01
    0.38578E-03    0.66863E-01
    0.38966E-03    0.67508E-01
    0.39358E-03    0.68158E-01
    0.39753E-03    0.68815E-01
    0.40153E-03    0.69478E-01
    0.40556E-03    0.70147E-01
    0.40964E-03    0.70823E-01
    0.41376E-03    0.71505E-01
    0.41791E-03    0.72194E-01
    0.42211E-03    0.72890E-01
    0.42636E-03    0.73592E-01
    0.43064E-03    0.74301E-01
    0.43497E-03    0.75017E-01
    0.43934E-03    0.75739E-01
    0.44376E-03    0.76469E-01
    0.44822E-03    0.77206E-01
    0.45272E-03    0.77949E-01
    0.45727E-03    0.78700E-01
    0.46187E-03    0.79458E-01
    0.46651E-03    0.80223E-01
    0.47120E-03    0.80996E-01
    0.47593E-03    0.81776E-01
    0.48072E-03    0.82563E-01
    0.48555E-03    0.83358E-01
    0.49043E-03    0.84161E-01
    0.49536E-03    0.84972E-01
    0.50033E-03    0.85790E-01
    0.50536E-03    0.86616E-01
    0.51044E-03    0.87450E-01
    0.51557E-03    0.88292E-01
    0.52075E-03    0.89142E-01
    0.52599E-03    0.90000E-01
    0.53127E-03    0.90866E-01
    0.53661E-03    0.91741E-01
    0.54201E-03    0.92624E-01
    0.54745E-03    0.93516E-01
    0.55296E-03    0.94416E-01
    0.55851E-03    0.95325E-01
    0.56413E-03    0.96242E-01
    0.56980E-03    0.97168E-01
    0.57552E-03    0.98103E-01
    0.58131E-03    0.99047E-01
    0.58715E-03    0.10000E+00
    0.59305E-03    0.10096E+00
    0.59901E-03    0.10193E+00
    0.60503E-03    0.10291E+00
    0.61111E-03    0.10390E+00
    0.61725E-03    0.10490E+00
    0.62346E-03    0.10591E+00
    0.62972E-03    0.10693E+00
    0.63605E-03    0.10796E+00
    0.64244E-03    0.10900E+00
    0.64890E-03    0.11005E+00
    0.65542E-03    0.11111E+00
    0.66201E-03    0.11217E+00
    0.66866E-03    0.11325E+00
    0.67538E-03    0.11434E+00
    0.68217E-03    0.11544E+00
    0.68902E-03    0.11655E+00
    0.69595E-03    0.11767E+00
    0.70294E-03    0.11880E+00
    0.71001E-03    0.11994E+00
    0.71714E-03    0.12110E+00
    0.72435E-03    0.12226E+00
    0.73163E-03    0.12344E+00
    0.73898E-03    0.12462E+00
    0.74641E-03    0.12582E+00
    0.75391E-03    0.12703E+00
    0.76149E-03    0.12825E+00
    0.76914E-03    0.12948E+00
    0.77687E-03    0.13072E+00
    0.78468E-03    0.13198E+00
    0.79257E-03    0.13325E+00
    0.80053E-03    0.13453E+00
    0.80858E-03    0.13582E+00
    0.81670E-03    0.13712E+00
    0.82491E-03    0.13844E+00
    0.83320E-03    0.13977E+00
    0.84158E-03    0.14111E+00
    0.85003E-03    0.14246E+00
    0.85858E-03    0.14383E+00
    0.86721E-03    0.14521E+00
    0.87592E-03    0.14660E+00
    0.88473E-03    0.14801E+00
    0.89362E-03    0.14943E+00
    0.90260E-03    0.15086E+00
    0.91167E-03    0.15231E+00
    0.92083E-03    0.15377E+00
    0.93009E-03    0.15524E+00
    0.93943E-03    0.15673E+00
    0.94888E-03    0.15823E+00
    0.95841E-03    0.15975E+00
    0.96804E-03    0.16128E+00
    0.97777E-03    0.16282E+00
    0.98760E-03    0.16438E+00
    0.99753E-03    0.16596E+00
    0.10076E-02    0.16755E+00
    0.10177E-02    0.16915E+00
    0.10279E-02    0.17077E+00
    0.10382E-02    0.17241E+00
    0.10487E-02    0.17406E+00
    0.10592E-02    0.17572E+00
    0.10699E-02    0.17740E+00
    0.10806E-02    0.17910E+00
    0.10915E-02    0.18081E+00
    0.11024E-02    0.18254E+00
    0.11135E-02    0.18429E+00
    0.11247E-02    0.18605E+00
    0.11360E-02    0.18783E+00
    0.11474E-02    0.18962E+00
    0.11590E-02    0.19143E+00
    0.11706E-02    0.19326E+00
    0.11824E-02    0.19511E+00
    0.11943E-02    0.19697E+00
    0.12063E-02    0.19885E+00
    0.12184E-02    0.20075E+00
    0.12306E-02    0.20266E+00
    0.12430E-02    0.20460E+00
    0.12555E-02    0.20655E+00
    0.12681E-02    0.20852E+00
    0.12808E-02    0.21051E+00
    0.12937E-02    0.21251E+00
    0.13067E-02    0.21454E+00
    0.13199E-02    0.21658E+00
    0.13331E-02    0.21864E+00
    0.13465E-02    0.22073E+00
    0.13601E-02    0.22283E+00
    0.13737E-02    0.22495E+00
    0.13875E-02    0.22709E+00
    0.14015E-02    0.22925E+00
    0.14156E-02    0.23143E+00
    0.14298E-02    0.23363E+00
    0.14442E-02    0.23585E+00
    0.14587E-02    0.23809E+00
    0.14733E-02    0.24035E+00
    0.14881E-02    0.24263E+00
    0.15031E-02    0.24493E+00
    0.15182E-02    0.24726E+00
    0.15335E-02    0.24960E+00
    0.15489E-02    0.25197E+00
    0.15644E-02    0.25436E+00
    0.15802E-02    0.25677E+00
    0.15960E-02    0.25920E+00
    0.16121E-02    0.26165E+00
    0.16283E-02    0.26413E+00
    0.16446E-02    0.26663E+00
    0.16612E-02    0.26915E+00
    0.16779E-02    0.27170E+00
    0.16947E-02    0.27426E+00
    0.17118E-02    0.27685E+00
    0.17290E-02    0.27947E+00
    0.17463E-02    0.28211E+00
    0.17639E-02    0.28477E+00
    0.17816E-02    0.28745E+00
    0.17995E-02    0.29016E+00
    0.18176E-02    0.29289E+00
    0.18359E-02    0.29565E+00
    0.18543E-02    0.29843E+00
    0.18730E-02    0.30124E+00
    0.18918E-02    0.30407E+00
    0.19108E-02    0.30693E+00
    0.19300E-02    0.30981E+00
    0.19494E-02    0.31272E+00
    0.19690E-02    0.31566E+00
    0.19888E-02    0.31862E+00
    0.20088E-02    0.32160E+00
    0.20290E-02    0.32461E+00
    0.20493E-02    0.32765E+00
    0.20699E-02    0.33072E+00
    0.20907E-02    0.33381E+00
    0.21118E-02    0.33693E+00
    0.21330E-02    0.34007E+00
    0.21544E-02    0.34325E+00
    0.21761E-02    0.34645E+00
    0.21979E-02    0.34968E+00
    0.22200E-02    0.35293E+00
    0.22423E-02    0.35621E+00
    0.22649E-02    0.35953E+00
    0.22876E-02    0.36287E+00
    0.23106E-02    0.36624E+00
    0.23339E-02    0.36963E+00
    0.23573E-02    0.37306E+00
    0.23810E-02    0.37651E+00
    0.24049E-02    0.38000E+00
    0.24291E-02    0.38351E+00
    0.24535E-02    0.38706E+00
    0.24782E-02    0.39063E+00
    0.25031E-02    0.39423E+00
    0.25282E-02    0.39786E+00
    0.25536E-02    0.40152E+00
    0.25793E-02    0.40522E+00
    0.26052E-02    0.40894E+00
    0.26314E-02    0.41269E+00
    0.26579E-02    0.41648E+00
    0.26846E-02    0.42029E+00
    0.27116E-02    0.42414E+00
    0.27388E-02    0.42802E+00
    0.27663E-02    0.43192E+00
    0.27941E-02    0.43586E+00
    0.28222E-02    0.43983E+00
    0.28506E-02    0.44384E+00
    0.28792E-02    0.44787E+00
    0.29082E-02    0.45193E+00
    0.29374E-02    0.45603E+00
    0.29669E-02    0.46016E+00
    0.29967E-02    0.46432E+00
    0.30268E-02    0.46852E+00
    0.30573E-02    0.47274E+00
    0.30880E-02    0.47700E+00
    0.31190E-02    0.48129E+00
    0.31504E-02    0.48561E+00
    0.31820E-02    0.48997E+00
    0.32140E-02    0.49436E+00
    0.32463E-02    0.49878E+00
    0.32789E-02    0.50323E+00
    0.33119E-02    0.50772E+00
    0.33452E-02    0.51224E+00
    0.33788E-02    0.51679E+00
    0.34128E-02    0.52137E+00
    0.34471E-02    0.52599E+00
    0.34817E-02    0.53064E+00
    0.35167E-02    0.53532E+00
    0.35520E-02    0.54004E+00
    0.35877E-02    0.54479E+00
    0.36238E-02    0.54957E+00
    0.36602E-02    0.55438E+00
    0.36970E-02    0.55923E+00
    0.37342E-02    0.56411E+00
    0.37717E-02    0.56902E+00
    0.38096E-02    0.57396E+00
    0.38479E-02    0.57894E+00
    0.38866E-02    0.58395E+00
    0.39256E-02    0.58899E+00
    0.39651E-02    0.59406E+00
    0.40049E-02    0.59916E+00
    0.40452E-02    0.60430E+00
    0.40858E-02    0.60947E+00
    0.41269E-02    0.61467E+00
    0.41684E-02    0.61990E+00
    0.42102E-02    0.62516E+00
    0.42526E-02    0.63045E+00
    0.42953E-02    0.63578E+00
    0.43385E-02    0.64113E+00
    0.43821E-02    0.64651E+00
    0.44261E-02    0.65193E+00
    0.44706E-02    0.65737E+00
    0.45155E-02    0.66284E+00
    0.45609E-02    0.66834E+00
    0.46067E-02    0.67387E+00
    0.46530E-02    0.67943E+00
    0.46998E-02    0.68502E+00
    0.47470E-02    0.69063E+00
    0.47948E-02    0.69627E+00
    0.48429E-02    0.70194E+00
    0.48916E-02    0.70764E+00
    0.49408E-02    0.71336E+00
    0.49904E-02    0.71910E+00
    0.50406E-02    0.72487E+00
    0.50912E-02    0.73067E+00
    0.51424E-02    0.73649E+00
    0.51941E-02    0.74233E+00
    0.52463E-02    0.74819E+00
    0.52990E-02    0.75408E+00
    0.53523E-02    0.75999E+00
    0.54061E-02    0.76592E+00
    0.54604E-02    0.77187E+00
    0.55153E-02    0.77784E+00
    0.55707E-02    0.78383E+00
    0.56267E-02    0.78983E+00
    0.56832E-02    0.79586E+00
    0.57404E-02    0.80190E+00
    0.57981E-02    0.80795E+00
    0.58563E-02    0.81403E+00
    0.59152E-02    0.82011E+00
    0.59746E-02    0.82621E+00
    0.60347E-02    0.83232E+00
    0.60953E-02    0.83845E+00
    0.61566E-02    0.84458E+00
    0.62185E-02    0.85072E+00
    0.62810E-02    0.85687E+00
    0.63441E-02    0.86303E+00
    0.64078E-02    0.86920E+00
    0.64722E-02    0.87537E+00
    0.65373E-02    0.88155E+00
    0.66030E-02    0.88773E+00
    0.66693E-02    0.89391E+00
    0.67364E-02    0.90009E+00
    0.68041E-02    0.90627E+00
    0.68725E-02    0.91245E+00
    0.69415E-02    0.91863E+00
    0.70113E-02    0.92480E+00
    0.70818E-02    0.93097E+00
    0.71529E-02    0.93713E+00
    0.72248E-02    0.94329E+00
    0.72974E-02    0.94943E+00
    0.73708E-02    0.95556E+00
    0.74448E-02    0.96168E+00
    0.75197E-02    0.96779E+00
    0.75952E-02    0.97388E+00
    0.76716E-02    0.97996E+00
    0.77487E-02    0.98602E+00
    0.78266E-02    0.99205E+00
    0.79052E-02    0.99807E+00
    0.79847E-02    0.10041E+01
    0.80649E-02    0.10100E+01
    0.81460E-02    0.10160E+01
    0.82278E-02    0.10219E+01
    0.83105E-02    0.10278E+01
    0.83940E-02    0.10336E+01
    0.84784E-02    0.10394E+01
    0.85636E-02    0.10452E+01
    0.86497E-02    0.10510E+01
    0.87366E-02    0.10567E+01
    0.88244E-02    0.10624E+01
    0.89131E-02    0.10680E+01
    0.90027E-02    0.10736E+01
    0.90932E-02    0.10791E+01
    0.91845E-02    0.10846E+01
    0.92768E-02    0.10900E+01
    0.93701E-02    0.10954E+01
    0.94643E-02    0.11007E+01
    0.95594E-02    0.11060E+01
    0.96554E-02    0.11113E+01
    0.97525E-02    0.11164E+01
    0.98505E-02    0.11215E+01
    0.99495E-02    0.11266E+01
    0.10049E-01    0.11315E+01
    0.10150E-01    0.11364E+01
    0.10253E-01    0.11413E+01
    0.10356E-01    0.11460E+01
    0.10460E-01    0.11507E+01
    0.10565E-01    0.11554E+01
    0.10671E-01    0.11599E+01
    0.10778E-01    0.11644E+01
    0.10886E-01    0.11687E+01
    0.10996E-01    0.11730E+01
    0.11106E-01    0.11773E+01
    0.11218E-01    0.11814E+01
    0.11331E-01    0.11854E+01
    0.11445E-01    0.11894E+01
    0.11560E-01    0.11932E+01
    0.11676E-01    0.11970E+01
    0.11793E-01    0.12007E+01
    0.11912E-01    0.12042E+01
    0.12031E-01    0.12077E+01
    0.12152E-01    0.12111E+01
    0.12274E-01    0.12143E+01
    0.12398E-01    0.12175E+01
    0.12522E-01    0.12205E+01
    0.12648E-01    0.12235E+01
    0.12775E-01    0.12263E+01
    0.12904E-01    0.12290E+01
    0.13033E-01    0.12316E+01
    0.13164E-01    0.12341E+01
    0.13297E-01    0.12365E+01
    0.13430E-01    0.12387E+01
    0.13565E-01    0.12408E+01
    0.13702E-01    0.12428E+01
    0.13839E-01    0.12447E+01
    0.13979E-01    0.12465E+01
    0.14119E-01    0.12481E+01
    0.14261E-01    0.12496E+01
    0.14404E-01    0.12510E+01
    0.14549E-01    0.12522E+01
    0.14695E-01    0.12533E+01
    0.14843E-01    0.12542E+01
    0.14992E-01    0.12551E+01
    0.15143E-01    0.12558E+01
    0.15295E-01    0.12563E+01
    0.15449E-01    0.12567E+01
    0.15604E-01    0.12570E+01
    0.15761E-01    0.12571E+01
    0.15919E-01    0.12571E+01
    0.16079E-01    0.12569E+01
    0.16241E-01    0.12566E+01
    0.16404E-01    0.12561E+01
    0.16569E-01    0.12555E+01
    0.16735E-01    0.12548E+01
    0.16904E-01    0.12538E+01
    0.17073E-01    0.12528E+01
    0.17245E-01    0.12516E+01
    0.17418E-01    0.12502E+01
    0.17593E-01    0.12487E+01
    0.17770E-01    0.12470E+01
    0.17949E-01    0.12451E+01
    0.18129E-01    0.12431E+01
    0.18311E-01    0.12410E+01
    0.18495E-01    0.12386E+01
    0.18681E-01    0.12362E+01
    0.18869E-01    0.12335E+01
    0.19059E-01    0.12307E+01
    0.19250E-01    0.12278E+01
    0.19444E-01    0.12247E+01
    0.19639E-01    0.12214E+01
    0.19836E-01    0.12180E+01
    0.20036E-01    0.12144E+01
    0.20237E-01    0.12106E+01
    0.20441E-01    0.12067E+01
    0.20646E-01    0.12026E+01
    0.20853E-01    0.11984E+01
    0.21063E-01    0.11940E+01
    0.21275E-01    0.11894E+01
    0.21489E-01    0.11847E+01
    0.21705E-01    0.11798E+01
    0.21923E-01    0.11748E+01
    0.22143E-01    0.11696E+01
    0.22366E-01    0.11643E+01
    0.22590E-01    0.11588E+01
    0.22817E-01    0.11532E+01
    0.23047E-01    0.11474E+01
    0.23278E-01    0.11415E+01
    0.23512E-01    0.11354E+01
    0.23749E-01    0.11292E+01
    0.23987E-01    0.11229E+01
    0.24228E-01    0.11164E+01
    0.24472E-01    0.11098E+01
    0.24718E-01    0.11031E+01
    0.24966E-01    0.10962E+01
    0.25217E-01    0.10892E+01
    0.25471E-01    0.10821E+01
    0.25727E-01    0.10749E+01
    0.25985E-01    0.10675E+01
    0.26246E-01    0.10601E+01
    0.26510E-01    0.10525E+01
    0.26776E-01    0.10449E+01
    0.27046E-01    0.10371E+01
    0.27317E-01    0.10292E+01
    0.27592E-01    0.10213E+01
    0.27869E-01    0.10133E+01
    0.28149E-01    0.10052E+01
    0.28432E-01    0.99697E+00
    0.28718E-01    0.98871E+00
    0.29007E-01    0.98039E+00
    0.29298E-01    0.97201E+00
    0.29593E-01    0.96357E+00
    0.29890E-01    0.95508E+00
    0.30190E-01    0.94655E+00
    0.30494E-01    0.93797E+00
    0.30800E-01    0.92937E+00
    0.31110E-01    0.92074E+00
    0.31422E-01    0.91209E+00
    0.31738E-01    0.90342E+00
    0.32057E-01    0.89475E+00
    0.32379E-01    0.88607E+00
    0.32705E-01    0.87739E+00
    0.33033E-01    0.86873E+00
    0.33365E-01    0.86008E+00
    0.33701E-01    0.85145E+00
    0.34039E-01    0.84285E+00
    0.34382E-01    0.83428E+00
    0.34727E-01    0.82575E+00
    0.35076E-01    0.81722E+00
    0.35429E-01    0.80870E+00
    0.35785E-01    0.80022E+00
    0.36144E-01    0.79181E+00
    0.36508E-01    0.78346E+00
    0.36875E-01    0.77518E+00
    0.37245E-01    0.76699E+00
    0.37619E-01    0.75888E+00
    0.37998E-01    0.75087E+00
    0.38379E-01    0.74296E+00
    0.38765E-01    0.73515E+00
    0.39155E-01    0.72745E+00
    0.39548E-01    0.71986E+00
    0.39946E-01    0.71240E+00
    0.40347E-01    0.70505E+00
    0.40753E-01    0.69784E+00
    0.41162E-01    0.69075E+00
    0.41576E-01    0.68380E+00
    0.41994E-01    0.67699E+00
    0.42416E-01    0.67031E+00
    0.42842E-01    0.66377E+00
    0.43273E-01    0.65737E+00
    0.43708E-01    0.65111E+00
    0.44147E-01    0.64499E+00
    0.44591E-01    0.63901E+00
    0.45039E-01    0.63317E+00
    0.45491E-01    0.62747E+00
    0.45949E-01    0.62190E+00
    0.46410E-01    0.61647E+00
    0.46877E-01    0.61117E+00
    0.47348E-01    0.60600E+00
    0.47824E-01    0.60095E+00
    0.48304E-01    0.59602E+00
    0.48790E-01    0.59122E+00
    0.49280E-01    0.58652E+00
    0.49775E-01    0.58194E+00
    0.50276E-01    0.57746E+00
    0.50781E-01    0.57308E+00
    0.51291E-01    0.56881E+00
    0.51807E-01    0.56468E+00
    0.52327E-01    0.56064E+00
    0.52853E-01    0.55668E+00
    0.53385E-01    0.55279E+00
    0.53921E-01    0.54898E+00
    0.54463E-01    0.54522E+00
    0.55010E-01    0.54151E+00
    0.55563E-01    0.53785E+00
    0.56122E-01    0.53423E+00
    0.56686E-01    0.53064E+00
    0.57255E-01    0.52788E+00
    0.57831E-01    0.52435E+00
    0.58412E-01    0.52082E+00
    0.58999E-01    0.51728E+00
    0.59592E-01    0.51372E+00
    0.60191E-01    0.51012E+00
    0.60796E-01    0.50648E+00
    0.61407E-01    0.50279E+00
    0.62024E-01    0.49904E+00
    0.62647E-01    0.49522E+00
    0.63277E-01    0.49131E+00
    0.63913E-01    0.48732E+00
    0.64555E-01    0.48323E+00
    0.65204E-01    0.47903E+00
    0.65859E-01    0.47472E+00
    0.66521E-01    0.47029E+00
    0.67190E-01    0.46573E+00
    0.67865E-01    0.46104E+00
    0.68547E-01    0.45621E+00
    0.69236E-01    0.45124E+00
    0.69932E-01    0.44613E+00
    0.70635E-01    0.44088E+00
    0.71345E-01    0.43549E+00
    0.72062E-01    0.42996E+00
    0.72786E-01    0.42429E+00
    0.73517E-01    0.41850E+00
    0.74256E-01    0.41257E+00
    0.75002E-01    0.40653E+00
    0.75756E-01    0.40038E+00
    0.76518E-01    0.39412E+00
    0.77287E-01    0.38778E+00
    0.78063E-01    0.38137E+00
    0.78848E-01    0.37488E+00
    0.79640E-01    0.36835E+00
    0.80441E-01    0.36179E+00
    0.81249E-01    0.35520E+00
    0.82066E-01    0.34861E+00
    0.82891E-01    0.34203E+00
    0.83724E-01    0.33548E+00
    0.84565E-01    0.32898E+00
    0.85415E-01    0.32254E+00
    0.86273E-01    0.31618E+00
    0.87141E-01    0.30992E+00
    0.88016E-01    0.30378E+00
    0.88901E-01    0.29776E+00
    0.89794E-01    0.29189E+00
    0.90697E-01    0.28617E+00
    0.91608E-01    0.28063E+00
    0.92529E-01    0.27527E+00
    0.93459E-01    0.27011E+00
    0.94398E-01    0.26515E+00
    0.95347E-01    0.26039E+00
    0.96305E-01    0.25586E+00
    0.97273E-01    0.25154E+00
    0.98251E-01    0.24744E+00
    0.99238E-01    0.24356E+00
    0.10024E+00    0.23990E+00
    0.10124E+00    0.23645E+00
    0.10226E+00    0.23322E+00
    0.10329E+00    0.23018E+00
    0.10433E+00    0.22734E+00
    0.10537E+00    0.22469E+00
    0.10643E+00    0.22220E+00
    0.10750E+00    0.21987E+00
    0.10858E+00    0.21769E+00
    0.10968E+00    0.21563E+00
    0.11078E+00    0.21369E+00
    0.11189E+00    0.21183E+00
    0.11302E+00    0.21005E+00
    0.11415E+00    0.20831E+00
    0.11530E+00    0.20659E+00
    0.11646E+00    0.20488E+00
    0.11763E+00    0.20313E+00
    0.11881E+00    0.20134E+00
    0.12000E+00    0.19947E+00
    0.12121E+00    0.19751E+00
    0.12243E+00    0.19544E+00
    0.12366E+00    0.19324E+00
    0.12490E+00    0.19089E+00
    0.12616E+00    0.18840E+00
    0.12742E+00    0.18576E+00
    0.12870E+00    0.18297E+00
    0.13000E+00    0.18004E+00
    0.13130E+00    0.17697E+00
    0.13262E+00    0.17378E+00
    0.13396E+00    0.17048E+00
    0.13530E+00    0.16709E+00
    0.13666E+00    0.16363E+00
    0.13804E+00    0.16011E+00
    0.13942E+00    0.15656E+00
    0.14083E+00    0.15300E+00
    0.14224E+00    0.14944E+00
    0.14367E+00    0.14591E+00
    0.14511E+00    0.14243E+00
    0.14657E+00    0.13902E+00
    0.14805E+00    0.13572E+00
    0.14953E+00    0.13253E+00
    0.15104E+00    0.12948E+00
    0.15255E+00    0.12659E+00
    0.15409E+00    0.12387E+00
    0.15564E+00    0.12133E+00
    0.15720E+00    0.11899E+00
    0.15878E+00    0.11682E+00
    0.16038E+00    0.11484E+00
    0.16199E+00    0.11303E+00
    0.16362E+00    0.11137E+00
    0.16526E+00    0.10985E+00
    0.16692E+00    0.10846E+00
    0.16860E+00    0.10717E+00
    0.17029E+00    0.10596E+00
    0.17200E+00    0.10481E+00
    0.17373E+00    0.10370E+00
    0.17548E+00    0.10261E+00
    0.17724E+00    0.10151E+00
    0.17902E+00    0.10038E+00
    0.18082E+00    0.99205E-01
    0.18264E+00    0.97961E-01
    0.18448E+00    0.96634E-01
    0.18633E+00    0.95212E-01
    0.18820E+00    0.93690E-01
    0.19009E+00    0.92067E-01
    0.19201E+00    0.90349E-01
    0.19393E+00    0.88548E-01
    0.19588E+00    0.86678E-01
    0.19785E+00    0.84757E-01
    0.19984E+00    0.82804E-01
    0.20185E+00    0.80838E-01
    0.20388E+00    0.78882E-01
    0.20593E+00    0.76954E-01
    0.20800E+00    0.75076E-01
    0.21009E+00    0.73267E-01
    0.21220E+00    0.71544E-01
    0.21433E+00    0.69921E-01
    0.21649E+00    0.68410E-01
    0.21866E+00    0.67016E-01
    0.22086E+00    0.65738E-01
    0.22308E+00    0.64571E-01
    0.22532E+00    0.63503E-01
    0.22758E+00    0.62522E-01
    0.22987E+00    0.61609E-01
    0.23218E+00    0.60746E-01
    0.23452E+00    0.59917E-01
    0.23687E+00    0.59102E-01
    0.23925E+00    0.58287E-01
    0.24166E+00    0.57456E-01
    0.24409E+00    0.56594E-01
    0.24654E+00    0.55692E-01
    0.24902E+00    0.54740E-01
    0.25152E+00    0.53737E-01
    0.25405E+00    0.52683E-01
    0.25660E+00    0.51587E-01
    0.25918E+00    0.50460E-01
    0.26178E+00    0.49316E-01
    0.26442E+00    0.48172E-01
    0.26707E+00    0.47041E-01
    0.26976E+00    0.45939E-01
    0.27247E+00    0.44878E-01
    0.27521E+00    0.43866E-01
    0.27797E+00    0.42911E-01
    0.28077E+00    0.42017E-01
    0.28359E+00    0.41185E-01
    0.28644E+00    0.40412E-01
    0.28932E+00    0.39691E-01
    0.29222E+00    0.39012E-01
    0.29516E+00    0.38365E-01
    0.29813E+00    0.37735E-01
    0.30112E+00    0.37113E-01
    0.30415E+00    0.36486E-01
    0.30721E+00    0.35849E-01
    0.31029E+00    0.35194E-01
    0.31341E+00    0.34518E-01
    0.31656E+00    0.33823E-01
    0.31974E+00    0.33112E-01
    0.32296E+00    0.32391E-01
    0.32620E+00    0.31670E-01
    0.32948E+00    0.30957E-01
    0.33279E+00    0.30262E-01
    0.33614E+00    0.29591E-01
    0.33952E+00    0.28947E-01
    0.34293E+00    0.28335E-01
    0.34638E+00    0.27756E-01
    0.34986E+00    0.27207E-01
    0.35337E+00    0.26687E-01
    0.35692E+00    0.26187E-01
    0.36051E+00    0.25701E-01
    0.36413E+00    0.25222E-01
    0.36779E+00    0.24745E-01
    0.37149E+00    0.24266E-01
    0.37522E+00    0.23784E-01
    0.37899E+00    0.23297E-01
    0.38280E+00    0.22806E-01
    0.38665E+00    0.22315E-01
    0.39054E+00    0.21827E-01
    0.39446E+00    0.21349E-01
    0.39843E+00    0.20883E-01
    0.40243E+00    0.20432E-01
    0.40647E+00    0.19999E-01
    0.41056E+00    0.19582E-01
    0.41469E+00    0.19183E-01
    0.41885E+00    0.18797E-01
    0.42306E+00    0.18421E-01
    0.42732E+00    0.18052E-01
    0.43161E+00    0.17688E-01
    0.43595E+00    0.17326E-01
    0.44033E+00    0.16966E-01
    0.44475E+00    0.16608E-01
    0.44922E+00    0.16252E-01
    0.45374E+00    0.15900E-01
    0.45830E+00    0.15555E-01
    0.46291E+00    0.15218E-01
    0.46756E+00    0.14891E-01
    0.47226E+00    0.14574E-01
    0.47700E+00    0.14266E-01
    0.48180E+00    0.13967E-01
    0.48664E+00    0.13675E-01
    0.49153E+00    0.13390E-01
    0.49647E+00    0.13108E-01
    0.50146E+00    0.12831E-01
    0.50650E+00    0.12557E-01
    0.51159E+00    0.12286E-01
    0.51673E+00    0.12020E-01
    0.52192E+00    0.11758E-01
    0.52717E+00    0.11503E-01
    0.53247E+00    0.11254E-01
    0.53782E+00    0.11011E-01
    0.54322E+00    0.10774E-01
    0.54868E+00    0.10543E-01
    0.55420E+00    0.10317E-01
    0.55977E+00    0.10095E-01
    0.56539E+00    0.98766E-02
    0.57108E+00    0.96624E-02
    0.57681E+00    0.94517E-02
    0.58261E+00    0.92448E-02
    0.58847E+00    0.90424E-02
    0.59438E+00    0.88445E-02
    0.60036E+00    0.86510E-02
    0.60639E+00    0.84619E-02
    0.61248E+00    0.82772E-02
    0.61864E+00    0.80964E-02
    0.62486E+00    0.79191E-02
    0.63114E+00    0.77454E-02
    0.63748E+00    0.75751E-02
    0.64389E+00    0.74079E-02
    0.65036E+00    0.72443E-02
    0.65689E+00    0.70843E-02
    0.66350E+00    0.69276E-02
    0.67016E+00    0.67744E-02
    0.67690E+00    0.66246E-02
    0.68370E+00    0.64780E-02
    0.69057E+00    0.63343E-02
    0.69751E+00    0.61937E-02
    0.70452E+00    0.60559E-02
    0.71160E+00    0.59210E-02
    0.71876E+00    0.57891E-02
    0.72598E+00    0.56599E-02
    0.73328E+00    0.55334E-02
    0.74065E+00    0.54098E-02
    0.74809E+00    0.52888E-02
    0.75561E+00    0.51703E-02
    0.76320E+00    0.50544E-02
    0.77087E+00    0.49409E-02
    0.77862E+00    0.48298E-02
    0.78644E+00    0.47212E-02
    0.79435E+00    0.46148E-02
    0.80233E+00    0.45108E-02
    0.81039E+00    0.44091E-02
    0.81854E+00    0.43094E-02
    0.82677E+00    0.42121E-02
    0.83508E+00    0.41167E-02
    0.84347E+00    0.40234E-02
    0.85194E+00    0.39323E-02
    0.86051E+00    0.38430E-02
    0.86916E+00    0.37557E-02
    0.87789E+00    0.36703E-02
    0.88671E+00    0.35868E-02
    0.89563E+00    0.35051E-02
    0.90463E+00    0.34252E-02
    0.91372E+00    0.33470E-02
    0.92290E+00    0.32706E-02
    0.93218E+00    0.31958E-02
    0.94155E+00    0.31227E-02
    0.95101E+00    0.30512E-02
    0.96057E+00    0.29812E-02
    0.97022E+00    0.29128E-02
    0.97997E+00    0.28459E-02
    0.98982E+00    0.27805E-02
    0.99977E+00    0.27165E-02
    0.10098E+01    0.26540E-02
    0.10200E+01    0.25928E-02
    0.10302E+01    0.25330E-02
    0.10406E+01    0.24745E-02
    0.10510E+01    0.24173E-02
    0.10616E+01    0.23614E-02
    0.10723E+01    0.23067E-02
    0.10830E+01    0.22533E-02
    0.10939E+01    0.22010E-02
    0.11049E+01    0.21499E-02
    0.11160E+01    0.21000E-02
    0.11272E+01    0.20512E-02
    0.11386E+01    0.20035E-02
    0.11500E+01    0.19569E-02
    0.11616E+01    0.19112E-02
    0.11732E+01    0.18667E-02
    0.11850E+01    0.18231E-02
    0.11969E+01    0.17806E-02
    0.12090E+01    0.17389E-02
    0.12211E+01    0.16983E-02
    0.12334E+01    0.16585E-02
    0.12458E+01    0.16196E-02
    0.12583E+01    0.15817E-02
    0.12710E+01    0.15445E-02
    0.12837E+01    0.15083E-02
    0.12966E+01    0.14728E-02
    0.13097E+01    0.14382E-02
    0.13228E+01    0.14043E-02
    0.13361E+01    0.13712E-02
    0.13495E+01    0.13389E-02
    0.13631E+01    0.13073E-02
    0.13768E+01    0.12764E-02
    0.13906E+01    0.12463E-02
    0.14046E+01    0.12168E-02
    0.14187E+01    0.11880E-02
    0.14330E+01    0.11599E-02
    0.14474E+01    0.11324E-02
    0.14619E+01    0.11056E-02
    0.14766E+01    0.10793E-02
    0.14915E+01    0.10537E-02
    0.15065E+01    0.10287E-02
    0.15216E+01    0.10042E-02
    0.15369E+01    0.98032E-03
    0.15523E+01    0.95697E-03
    0.15679E+01    0.93417E-03
    0.15837E+01    0.91190E-03
    0.15996E+01    0.89014E-03
    0.16157E+01    0.86888E-03
    0.16319E+01    0.84812E-03
    0.16483E+01    0.82784E-03
    0.16649E+01    0.80804E-03
    0.16816E+01    0.78869E-03
    0.16985E+01    0.76979E-03
    0.17156E+01    0.75133E-03
    0.17328E+01    0.73331E-03
    0.17503E+01    0.71570E-03
    0.17679E+01    0.69851E-03
    0.17856E+01    0.68172E-03
    0.18036E+01    0.66532E-03
    0.18217E+01    0.64931E-03
    0.18400E+01    0.63368E-03
    0.18585E+01    0.61841E-03
    0.18772E+01    0.60350E-03
    0.18960E+01    0.58894E-03
    0.19151E+01    0.57472E-03
    0.19343E+01    0.56083E-03
    0.19538E+01    0.54727E-03
    0.19734E+01    0.53404E-03
    0.19933E+01    0.52111E-03
    0.20133E+01    0.50849E-03
    0.20335E+01    0.49617E-03
    0.20540E+01    0.48413E-03
    0.20746E+01    0.47239E-03
    0.20954E+01    0.46092E-03
    0.21165E+01    0.44972E-03
    0.21378E+01    0.43879E-03
    0.21593E+01    0.42812E-03
    0.21810E+01    0.41770E-03
    0.22029E+01    0.40754E-03
    0.22250E+01    0.39761E-03
    0.22474E+01    0.38791E-03
    0.22700E+01    0.37845E-03
    0.22928E+01    0.36922E-03
    0.23158E+01    0.36020E-03
    0.23391E+01    0.35140E-03
    0.23626E+01    0.34281E-03
    0.23864E+01    0.33442E-03
    0.24103E+01    0.32624E-03
    0.24346E+01    0.31825E-03
    0.24590E+01    0.31045E-03
    0.24837E+01    0.30284E-03
    0.25087E+01    0.29541E-03
    0.25339E+01    0.28816E-03
    0.25594E+01    0.28109E-03
    0.25851E+01    0.27419E-03
    0.26111E+01    0.26745E-03
    0.26373E+01    0.26087E-03
    0.26638E+01    0.25445E-03
    0.26906E+01    0.24819E-03
    0.27176E+01    0.24207E-03
    0.27450E+01    0.23610E-03
    0.27725E+01    0.23028E-03
    0.28004E+01    0.22460E-03
    0.28286E+01    0.21906E-03
    0.28570E+01    0.21365E-03
    0.28857E+01    0.20837E-03
    0.29147E+01    0.20322E-03
    0.29440E+01    0.19819E-03
    0.29736E+01    0.19329E-03
    0.30035E+01    0.18850E-03
    0.30337E+01    0.18383E-03
    0.30641E+01    0.17927E-03
    0.30949E+01    0.17483E-03
    0.31260E+01    0.17049E-03
    0.31575E+01    0.16626E-03
    0.31892E+01    0.16213E-03
    0.32212E+01    0.15810E-03
    0.32536E+01    0.15417E-03
    0.32863E+01    0.15034E-03
    0.33193E+01    0.14660E-03
    0.33527E+01    0.14295E-03
    0.33864E+01    0.13939E-03
    0.34204E+01    0.13591E-03
    0.34548E+01    0.13253E-03
    0.34895E+01    0.12922E-03
    0.35246E+01    0.12600E-03
    0.35600E+01    0.12285E-03
    0.35958E+01    0.11978E-03
    0.36319E+01    0.11679E-03
    0.36684E+01    0.11387E-03
    0.37053E+01    0.11102E-03
    0.37425E+01    0.10824E-03
    0.37802E+01    0.10554E-03
    0.38182E+01    0.10289E-03
    0.38565E+01    0.10031E-03
    0.38953E+01    0.97800E-04
    0.39344E+01    0.95347E-04
    0.39740E+01    0.92955E-04
    0.40139E+01    0.90622E-04
    0.40543E+01    0.88347E-04
    0.40950E+01    0.86128E-04
    0.41362E+01    0.83963E-04
    0.41777E+01    0.81852E-04
    0.42197E+01    0.79793E-04
    0.42621E+01    0.77785E-04
    0.43050E+01    0.75826E-04
    0.43482E+01    0.73917E-04
    0.43919E+01    0.72054E-04
    0.44361E+01    0.70238E-04
    0.44806E+01    0.68466E-04
    0.45257E+01    0.66739E-04
    0.45712E+01    0.65055E-04
    0.46171E+01    0.63412E-04
    0.46635E+01    0.61811E-04
    0.47104E+01    0.60249E-04
    0.47577E+01    0.58725E-04
    0.48055E+01    0.57240E-04
    0.48538E+01    0.55792E-04
    0.49026E+01    0.54380E-04
    0.49519E+01    0.53002E-04
    0.50016E+01    0.51660E-04
    0.50519E+01    0.50351E-04
    0.51027E+01    0.49074E-04
    0.51540E+01    0.47830E-04
    0.52058E+01    0.46616E-04
    0.52581E+01    0.45433E-04
    0.53109E+01    0.44279E-04
    0.53643E+01    0.43155E-04
    0.54182E+01    0.42058E-04
    0.54727E+01    0.40989E-04
    0.55277E+01    0.39946E-04
    0.55832E+01    0.38930E-04
    0.56393E+01    0.37939E-04
    0.56960E+01    0.36973E-04
    0.57533E+01    0.36032E-04
    0.58111E+01    0.35114E-04
    0.58695E+01    0.34219E-04
    0.59285E+01    0.33346E-04
    0.59881E+01    0.32495E-04
    0.60482E+01    0.31666E-04
    0.61090E+01    0.30858E-04
    0.61704E+01    0.30070E-04
    0.62324E+01    0.29302E-04
    0.62951E+01    0.28553E-04
    0.63583E+01    0.27823E-04
    0.64222E+01    0.27111E-04
    0.64868E+01    0.26418E-04
    0.65520E+01    0.25742E-04
    0.66178E+01    0.25083E-04
    0.66843E+01    0.24440E-04
    0.67515E+01    0.23814E-04
    0.68194E+01    0.23204E-04
    0.68879E+01    0.22609E-04
    0.69571E+01    0.22029E-04
    0.70270E+01    0.21464E-04
    0.70977E+01    0.20913E-04
    0.71690E+01    0.20376E-04
    0.72411E+01    0.19853E-04
    0.73138E+01    0.19343E-04
    0.73873E+01    0.18846E-04
    0.74616E+01    0.18362E-04
    0.75366E+01    0.17889E-04
    0.76123E+01    0.17429E-04
    0.76888E+01    0.16981E-04
    0.77661E+01    0.16544E-04
    0.78441E+01    0.16118E-04
    0.79230E+01    0.15702E-04
    0.80026E+01    0.15298E-04
    0.80830E+01    0.14903E-04
    0.81643E+01    0.14519E-04
    0.82463E+01    0.14145E-04
    0.83292E+01    0.13780E-04
    0.84129E+01    0.13424E-04
    0.84975E+01    0.13078E-04
    0.85829E+01    0.12740E-04
    0.86691E+01    0.12411E-04
    0.87562E+01    0.12090E-04
    0.88442E+01    0.11777E-04
    0.89331E+01    0.11473E-04
    0.90229E+01    0.11176E-04
    0.91136E+01    0.10887E-04
    0.92052E+01    0.10605E-04
    0.92977E+01    0.10331E-04
    0.93911E+01    0.10063E-04
    0.94855E+01    0.98023E-05
    0.95809E+01    0.95483E-05
    0.96771E+01    0.93007E-05
    0.97744E+01    0.90596E-05
    0.98726E+01    0.88246E-05
    0.99719E+01    0.85956E-05
    0.10072E+02    0.83725E-05
