    0.10027E-04    0.36784E-01
    0.10128E-04    0.37139E-01
    0.10230E-04    0.37497E-01
    0.10332E-04    0.37859E-01
    0.10436E-04    0.38224E-01
    0.10541E-04    0.38593E-01
    0.10647E-04    0.38965E-01
    0.10754E-04    0.39341E-01
    0.10862E-04    0.39721E-01
    0.10971E-04    0.40104E-01
    0.11082E-04    0.40491E-01
    0.11193E-04    0.40881E-01
    0.11305E-04    0.41276E-01
    0.11419E-04    0.41674E-01
    0.11534E-04    0.42076E-01
    0.11650E-04    0.42482E-01
    0.11767E-04    0.42891E-01
    0.11885E-04    0.43305E-01
    0.12004E-04    0.43723E-01
    0.12125E-04    0.44145E-01
    0.12247E-04    0.44571E-01
    0.12370E-04    0.45000E-01
    0.12494E-04    0.45435E-01
    0.12620E-04    0.45873E-01
    0.12747E-04    0.46315E-01
    0.12875E-04    0.46762E-01
    0.13004E-04    0.47213E-01
    0.13135E-04    0.47669E-01
    0.13267E-04    0.48128E-01
    0.13400E-04    0.48593E-01
    0.13535E-04    0.49061E-01
    0.13671E-04    0.49535E-01
    0.13808E-04    0.50012E-01
    0.13947E-04    0.50495E-01
    0.14087E-04    0.50982E-01
    0.14229E-04    0.51474E-01
    0.14372E-04    0.51970E-01
    0.14516E-04    0.52472E-01
    0.14662E-04    0.52978E-01
    0.14810E-04    0.53489E-01
    0.14958E-04    0.54005E-01
    0.15109E-04    0.54526E-01
    0.15261E-04    0.55052E-01
    0.15414E-04    0.55583E-01
    0.15569E-04    0.56119E-01
    0.15725E-04    0.56660E-01
    0.15883E-04    0.57207E-01
    0.16043E-04    0.57759E-01
    0.16204E-04    0.58316E-01
    0.16367E-04    0.58878E-01
    0.16532E-04    0.59446E-01
    0.16698E-04    0.60020E-01
    0.16866E-04    0.60599E-01
    0.17035E-04    0.61183E-01
    0.17206E-04    0.61773E-01
    0.17379E-04    0.62369E-01
    0.17554E-04    0.62971E-01
    0.17730E-04    0.63578E-01
    0.17909E-04    0.64192E-01
    0.18089E-04    0.64811E-01
    0.18270E-04    0.65436E-01
    0.18454E-04    0.66067E-01
    0.18639E-04    0.66704E-01
    0.18827E-04    0.67348E-01
    0.19016E-04    0.67997E-01
    0.19207E-04    0.68653E-01
    0.19400E-04    0.69316E-01
    0.19595E-04    0.69984E-01
    0.19792E-04    0.70659E-01
    0.19991E-04    0.71341E-01
    0.20192E-04    0.72029E-01
    0.20395E-04    0.72724E-01
    0.20600E-04    0.73425E-01
    0.20807E-04    0.74134E-01
    0.21016E-04    0.74849E-01
    0.21227E-04    0.75571E-01
    0.21440E-04    0.76300E-01
    0.21656E-04    0.77036E-01
    0.21874E-04    0.77779E-01
    0.22093E-04    0.78529E-01
    0.22315E-04    0.79287E-01
    0.22540E-04    0.80051E-01
    0.22766E-04    0.80824E-01
    0.22995E-04    0.81603E-01
    0.23226E-04    0.82390E-01
    0.23460E-04    0.83185E-01
    0.23695E-04    0.83988E-01
    0.23933E-04    0.84798E-01
    0.24174E-04    0.85616E-01
    0.24417E-04    0.86442E-01
    0.24662E-04    0.87275E-01
    0.24910E-04    0.88117E-01
    0.25161E-04    0.88967E-01
    0.25413E-04    0.89825E-01
    0.25669E-04    0.90692E-01
    0.25927E-04    0.91567E-01
    0.26187E-04    0.92450E-01
    0.26451E-04    0.93342E-01
    0.26716E-04    0.94242E-01
    0.26985E-04    0.95151E-01
    0.27256E-04    0.96069E-01
    0.27530E-04    0.96996E-01
    0.27807E-04    0.97931E-01
    0.28086E-04    0.98876E-01
    0.28368E-04    0.99830E-01
    0.28654E-04    0.10079E+00
    0.28942E-04    0.10177E+00
    0.29232E-04    0.10275E+00
    0.29526E-04    0.10374E+00
    0.29823E-04    0.10474E+00
    0.30123E-04    0.10575E+00
    0.30425E-04    0.10677E+00
    0.30731E-04    0.10780E+00
    0.31040E-04    0.10884E+00
    0.31352E-04    0.10989E+00
    0.31667E-04    0.11095E+00
    0.31985E-04    0.11202E+00
    0.32307E-04    0.11310E+00
    0.32631E-04    0.11419E+00
    0.32959E-04    0.11529E+00
    0.33291E-04    0.11640E+00
    0.33625E-04    0.11753E+00
    0.33963E-04    0.11866E+00
    0.34305E-04    0.11980E+00
    0.34649E-04    0.12096E+00
    0.34998E-04    0.12213E+00
    0.35349E-04    0.12331E+00
    0.35705E-04    0.12449E+00
    0.36063E-04    0.12570E+00
    0.36426E-04    0.12691E+00
    0.36792E-04    0.12813E+00
    0.37162E-04    0.12937E+00
    0.37535E-04    0.13062E+00
    0.37912E-04    0.13188E+00
    0.38293E-04    0.13315E+00
    0.38678E-04    0.13443E+00
    0.39067E-04    0.13573E+00
    0.39460E-04    0.13704E+00
    0.39856E-04    0.13836E+00
    0.40257E-04    0.13969E+00
    0.40661E-04    0.14104E+00
    0.41070E-04    0.14240E+00
    0.41483E-04    0.14378E+00
    0.41900E-04    0.14516E+00
    0.42321E-04    0.14656E+00
    0.42746E-04    0.14798E+00
    0.43176E-04    0.14940E+00
    0.43610E-04    0.15085E+00
    0.44048E-04    0.15230E+00
    0.44491E-04    0.15377E+00
    0.44938E-04    0.15525E+00
    0.45389E-04    0.15675E+00
    0.45846E-04    0.15826E+00
    0.46306E-04    0.15979E+00
    0.46772E-04    0.16133E+00
    0.47242E-04    0.16289E+00
    0.47717E-04    0.16446E+00
    0.48196E-04    0.16604E+00
    0.48680E-04    0.16765E+00
    0.49170E-04    0.16926E+00
    0.49664E-04    0.17090E+00
    0.50163E-04    0.17254E+00
    0.50667E-04    0.17421E+00
    0.51176E-04    0.17589E+00
    0.51691E-04    0.17759E+00
    0.52210E-04    0.17930E+00
    0.52735E-04    0.18103E+00
    0.53265E-04    0.18277E+00
    0.53800E-04    0.18454E+00
    0.54341E-04    0.18632E+00
    0.54887E-04    0.18811E+00
    0.55439E-04    0.18993E+00
    0.55996E-04    0.19176E+00
    0.56559E-04    0.19361E+00
    0.57127E-04    0.19548E+00
    0.57701E-04    0.19736E+00
    0.58281E-04    0.19927E+00
    0.58867E-04    0.20119E+00
    0.59458E-04    0.20313E+00
    0.60056E-04    0.20509E+00
    0.60660E-04    0.20707E+00
    0.61269E-04    0.20906E+00
    0.61885E-04    0.21108E+00
    0.62507E-04    0.21312E+00
    0.63135E-04    0.21517E+00
    0.63770E-04    0.21725E+00
    0.64411E-04    0.21934E+00
    0.65058E-04    0.22146E+00
    0.65712E-04    0.22360E+00
    0.66372E-04    0.22575E+00
    0.67039E-04    0.22793E+00
    0.67713E-04    0.23013E+00
    0.68393E-04    0.23235E+00
    0.69081E-04    0.23459E+00
    0.69775E-04    0.23685E+00
    0.70476E-04    0.23914E+00
    0.71185E-04    0.24144E+00
    0.71900E-04    0.24377E+00
    0.72623E-04    0.24612E+00
    0.73353E-04    0.24850E+00
    0.74090E-04    0.25089E+00
    0.74834E-04    0.25331E+00
    0.75586E-04    0.25576E+00
    0.76346E-04    0.25822E+00
    0.77113E-04    0.26071E+00
    0.77888E-04    0.26323E+00
    0.78671E-04    0.26577E+00
    0.79462E-04    0.26833E+00
    0.80260E-04    0.27092E+00
    0.81067E-04    0.27353E+00
    0.81882E-04    0.27617E+00
    0.82705E-04    0.27883E+00
    0.83536E-04    0.28152E+00
    0.84376E-04    0.28424E+00
    0.85224E-04    0.28698E+00
    0.86080E-04    0.28975E+00
    0.86945E-04    0.29254E+00
    0.87819E-04    0.29536E+00
    0.88702E-04    0.29821E+00
    0.89593E-04    0.30109E+00
    0.90493E-04    0.30399E+00
    0.91403E-04    0.30692E+00
    0.92322E-04    0.30989E+00
    0.93249E-04    0.31287E+00
    0.94187E-04    0.31589E+00
    0.95133E-04    0.31894E+00
    0.96089E-04    0.32201E+00
    0.97055E-04    0.32512E+00
    0.98030E-04    0.32826E+00
    0.99016E-04    0.33142E+00
    0.10001E-03    0.33462E+00
    0.10102E-03    0.33785E+00
    0.10203E-03    0.34110E+00
    0.10306E-03    0.34439E+00
    0.10409E-03    0.34771E+00
    0.10514E-03    0.35107E+00
    0.10620E-03    0.35445E+00
    0.10726E-03    0.35787E+00
    0.10834E-03    0.36132E+00
    0.10943E-03    0.36481E+00
    0.11053E-03    0.36833E+00
    0.11164E-03    0.37188E+00
    0.11276E-03    0.37547E+00
    0.11390E-03    0.37909E+00
    0.11504E-03    0.38274E+00
    0.11620E-03    0.38643E+00
    0.11736E-03    0.39016E+00
    0.11854E-03    0.39392E+00
    0.11973E-03    0.39772E+00
    0.12094E-03    0.40156E+00
    0.12215E-03    0.40543E+00
    0.12338E-03    0.40934E+00
    0.12462E-03    0.41329E+00
    0.12587E-03    0.41727E+00
    0.12714E-03    0.42130E+00
    0.12842E-03    0.42536E+00
    0.12971E-03    0.42946E+00
    0.13101E-03    0.43360E+00
    0.13233E-03    0.43778E+00
    0.13366E-03    0.44201E+00
    0.13500E-03    0.44627E+00
    0.13636E-03    0.45057E+00
    0.13773E-03    0.45492E+00
    0.13911E-03    0.45930E+00
    0.14051E-03    0.46373E+00
    0.14192E-03    0.46820E+00
    0.14335E-03    0.47272E+00
    0.14479E-03    0.47728E+00
    0.14624E-03    0.48188E+00
    0.14771E-03    0.48653E+00
    0.14920E-03    0.49122E+00
    0.15070E-03    0.49595E+00
    0.15221E-03    0.50074E+00
    0.15374E-03    0.50556E+00
    0.15529E-03    0.51044E+00
    0.15685E-03    0.51536E+00
    0.15842E-03    0.52033E+00
    0.16002E-03    0.52535E+00
    0.16162E-03    0.53041E+00
    0.16325E-03    0.53553E+00
    0.16489E-03    0.54069E+00
    0.16655E-03    0.54590E+00
    0.16822E-03    0.55117E+00
    0.16991E-03    0.55648E+00
    0.17162E-03    0.56184E+00
    0.17334E-03    0.56726E+00
    0.17509E-03    0.57273E+00
    0.17685E-03    0.57825E+00
    0.17862E-03    0.58383E+00
    0.18042E-03    0.58946E+00
    0.18223E-03    0.59514E+00
    0.18406E-03    0.60088E+00
    0.18591E-03    0.60667E+00
    0.18778E-03    0.61252E+00
    0.18967E-03    0.61842E+00
    0.19157E-03    0.62438E+00
    0.19350E-03    0.63040E+00
    0.19544E-03    0.63648E+00
    0.19741E-03    0.64261E+00
    0.19939E-03    0.64881E+00
    0.20140E-03    0.65506E+00
    0.20342E-03    0.66138E+00
    0.20547E-03    0.66775E+00
    0.20753E-03    0.67419E+00
    0.20962E-03    0.68069E+00
    0.21172E-03    0.68725E+00
    0.21385E-03    0.69387E+00
    0.21600E-03    0.70056E+00
    0.21817E-03    0.70731E+00
    0.22036E-03    0.71413E+00
    0.22258E-03    0.72101E+00
    0.22481E-03    0.72796E+00
    0.22707E-03    0.73498E+00
    0.22936E-03    0.74206E+00
    0.23166E-03    0.74921E+00
    0.23399E-03    0.75643E+00
    0.23634E-03    0.76372E+00
    0.23872E-03    0.77108E+00
    0.24112E-03    0.77851E+00
    0.24354E-03    0.78601E+00
    0.24599E-03    0.79359E+00
    0.24846E-03    0.80123E+00
    0.25096E-03    0.80896E+00
    0.25348E-03    0.81675E+00
    0.25603E-03    0.82462E+00
    0.25860E-03    0.83256E+00
    0.26120E-03    0.84059E+00
    0.26382E-03    0.84868E+00
    0.26647E-03    0.85686E+00
    0.26915E-03    0.86512E+00
    0.27186E-03    0.87345E+00
    0.27459E-03    0.88187E+00
    0.27735E-03    0.89036E+00
    0.28014E-03    0.89894E+00
    0.28295E-03    0.90760E+00
    0.28580E-03    0.91634E+00
    0.28867E-03    0.92517E+00
    0.29157E-03    0.93408E+00
    0.29450E-03    0.94307E+00
    0.29746E-03    0.95216E+00
    0.30045E-03    0.96133E+00
    0.30347E-03    0.97058E+00
    0.30652E-03    0.97993E+00
    0.30960E-03    0.98937E+00
    0.31271E-03    0.99890E+00
    0.31585E-03    0.10085E+01
    0.31903E-03    0.10182E+01
    0.32223E-03    0.10280E+01
    0.32547E-03    0.10379E+01
    0.32874E-03    0.10479E+01
    0.33205E-03    0.10580E+01
    0.33538E-03    0.10682E+01
    0.33876E-03    0.10785E+01
    0.34216E-03    0.10889E+01
    0.34560E-03    0.10993E+01
    0.34907E-03    0.11099E+01
    0.35258E-03    0.11206E+01
    0.35612E-03    0.11314E+01
    0.35970E-03    0.11423E+01
    0.36332E-03    0.11533E+01
    0.36697E-03    0.11644E+01
    0.37066E-03    0.11756E+01
    0.37438E-03    0.11869E+01
    0.37814E-03    0.11983E+01
    0.38195E-03    0.12098E+01
    0.38578E-03    0.12215E+01
    0.38966E-03    0.12332E+01
    0.39358E-03    0.12451E+01
    0.39753E-03    0.12571E+01
    0.40153E-03    0.12692E+01
    0.40556E-03    0.12814E+01
    0.40964E-03    0.12937E+01
    0.41376E-03    0.13061E+01
    0.41791E-03    0.13187E+01
    0.42211E-03    0.13314E+01
    0.42636E-03    0.13442E+01
    0.43064E-03    0.13571E+01
    0.43497E-03    0.13702E+01
    0.43934E-03    0.13833E+01
    0.44376E-03    0.13966E+01
    0.44822E-03    0.14101E+01
    0.45272E-03    0.14236E+01
    0.45727E-03    0.14373E+01
    0.46187E-03    0.14511E+01
    0.46651E-03    0.14651E+01
    0.47120E-03    0.14791E+01
    0.47593E-03    0.14933E+01
    0.48072E-03    0.15077E+01
    0.48555E-03    0.15222E+01
    0.49043E-03    0.15368E+01
    0.49536E-03    0.15516E+01
    0.50033E-03    0.15665E+01
    0.50536E-03    0.15815E+01
    0.51044E-03    0.15967E+01
    0.51557E-03    0.16120E+01
    0.52075E-03    0.16275E+01
    0.52599E-03    0.16431E+01
    0.53127E-03    0.16589E+01
    0.53661E-03    0.16748E+01
    0.54201E-03    0.16909E+01
    0.54745E-03    0.17071E+01
    0.55296E-03    0.17235E+01
    0.55851E-03    0.17400E+01
    0.56413E-03    0.17567E+01
    0.56980E-03    0.17736E+01
    0.57552E-03    0.17906E+01
    0.58131E-03    0.18077E+01
    0.58715E-03    0.18251E+01
    0.59305E-03    0.18426E+01
    0.59901E-03    0.18602E+01
    0.60503E-03    0.18781E+01
    0.61111E-03    0.18961E+01
    0.61725E-03    0.19142E+01
    0.62346E-03    0.19326E+01
    0.62972E-03    0.19511E+01
    0.63605E-03    0.19698E+01
    0.64244E-03    0.19887E+01
    0.64890E-03    0.20077E+01
    0.65542E-03    0.20269E+01
    0.66201E-03    0.20463E+01
    0.66866E-03    0.20659E+01
    0.67538E-03    0.20857E+01
    0.68217E-03    0.21056E+01
    0.68902E-03    0.21258E+01
    0.69595E-03    0.21461E+01
    0.70294E-03    0.21666E+01
    0.71001E-03    0.21874E+01
    0.71714E-03    0.22083E+01
    0.72435E-03    0.22294E+01
    0.73163E-03    0.22507E+01
    0.73898E-03    0.22722E+01
    0.74641E-03    0.22939E+01
    0.75391E-03    0.23158E+01
    0.76149E-03    0.23379E+01
    0.76914E-03    0.23602E+01
    0.77687E-03    0.23828E+01
    0.78468E-03    0.24055E+01
    0.79257E-03    0.24285E+01
    0.80053E-03    0.24516E+01
    0.80858E-03    0.24750E+01
    0.81670E-03    0.24986E+01
    0.82491E-03    0.25224E+01
    0.83320E-03    0.25465E+01
    0.84158E-03    0.25707E+01
    0.85003E-03    0.25952E+01
    0.85858E-03    0.26200E+01
    0.86721E-03    0.26449E+01
    0.87592E-03    0.26701E+01
    0.88473E-03    0.26955E+01
    0.89362E-03    0.27211E+01
    0.90260E-03    0.27470E+01
    0.91167E-03    0.27731E+01
    0.92083E-03    0.27995E+01
    0.93009E-03    0.28261E+01
    0.93943E-03    0.28529E+01
    0.94888E-03    0.28800E+01
    0.95841E-03    0.29074E+01
    0.96804E-03    0.29350E+01
    0.97777E-03    0.29628E+01
    0.98760E-03    0.29909E+01
    0.99753E-03    0.30193E+01
    0.10076E-02    0.30479E+01
    0.10177E-02    0.30768E+01
    0.10279E-02    0.31059E+01
    0.10382E-02    0.31353E+01
    0.10487E-02    0.31650E+01
    0.10592E-02    0.31950E+01
    0.10699E-02    0.32252E+01
    0.10806E-02    0.32557E+01
    0.10915E-02    0.32864E+01
    0.11024E-02    0.33175E+01
    0.11135E-02    0.33488E+01
    0.11247E-02    0.33804E+01
    0.11360E-02    0.34123E+01
    0.11474E-02    0.34445E+01
    0.11590E-02    0.34769E+01
    0.11706E-02    0.35097E+01
    0.11824E-02    0.35428E+01
    0.11943E-02    0.35761E+01
    0.12063E-02    0.36097E+01
    0.12184E-02    0.36437E+01
    0.12306E-02    0.36779E+01
    0.12430E-02    0.37125E+01
    0.12555E-02    0.37473E+01
    0.12681E-02    0.37825E+01
    0.12808E-02    0.38180E+01
    0.12937E-02    0.38538E+01
    0.13067E-02    0.38899E+01
    0.13199E-02    0.39263E+01
    0.13331E-02    0.39630E+01
    0.13465E-02    0.40001E+01
    0.13601E-02    0.40375E+01
    0.13737E-02    0.40752E+01
    0.13875E-02    0.41132E+01
    0.14015E-02    0.41516E+01
    0.14156E-02    0.41903E+01
    0.14298E-02    0.42293E+01
    0.14442E-02    0.42687E+01
    0.14587E-02    0.43084E+01
    0.14733E-02    0.43485E+01
    0.14881E-02    0.43888E+01
    0.15031E-02    0.44296E+01
    0.15182E-02    0.44707E+01
    0.15335E-02    0.45121E+01
    0.15489E-02    0.45539E+01
    0.15644E-02    0.45960E+01
    0.15802E-02    0.46385E+01
    0.15960E-02    0.46814E+01
    0.16121E-02    0.47246E+01
    0.16283E-02    0.47682E+01
    0.16446E-02    0.48121E+01
    0.16612E-02    0.48564E+01
    0.16779E-02    0.49011E+01
    0.16947E-02    0.49461E+01
    0.17118E-02    0.49915E+01
    0.17290E-02    0.50373E+01
    0.17463E-02    0.50834E+01
    0.17639E-02    0.51300E+01
    0.17816E-02    0.51769E+01
    0.17995E-02    0.52241E+01
    0.18176E-02    0.52718E+01
    0.18359E-02    0.53199E+01
    0.18543E-02    0.53683E+01
    0.18730E-02    0.54171E+01
    0.18918E-02    0.54663E+01
    0.19108E-02    0.55159E+01
    0.19300E-02    0.55659E+01
    0.19494E-02    0.56163E+01
    0.19690E-02    0.56671E+01
    0.19888E-02    0.57182E+01
    0.20088E-02    0.57698E+01
    0.20290E-02    0.58218E+01
    0.20493E-02    0.58741E+01
    0.20699E-02    0.59269E+01
    0.20907E-02    0.59800E+01
    0.21118E-02    0.60336E+01
    0.21330E-02    0.60876E+01
    0.21544E-02    0.61419E+01
    0.21761E-02    0.61967E+01
    0.21979E-02    0.62519E+01
    0.22200E-02    0.63075E+01
    0.22423E-02    0.63635E+01
    0.22649E-02    0.64199E+01
    0.22876E-02    0.64767E+01
    0.23106E-02    0.65339E+01
    0.23339E-02    0.65915E+01
    0.23573E-02    0.66495E+01
    0.23810E-02    0.67080E+01
    0.24049E-02    0.67668E+01
    0.24291E-02    0.68261E+01
    0.24535E-02    0.68858E+01
    0.24782E-02    0.69459E+01
    0.25031E-02    0.70064E+01
    0.25282E-02    0.70673E+01
    0.25536E-02    0.71286E+01
    0.25793E-02    0.71903E+01
    0.26052E-02    0.72524E+01
    0.26314E-02    0.73150E+01
    0.26579E-02    0.73779E+01
    0.26846E-02    0.74413E+01
    0.27116E-02    0.75050E+01
    0.27388E-02    0.75692E+01
    0.27663E-02    0.76337E+01
    0.27941E-02    0.76987E+01
    0.28222E-02    0.77641E+01
    0.28506E-02    0.78298E+01
    0.28792E-02    0.78960E+01
    0.29082E-02    0.79626E+01
    0.29374E-02    0.80295E+01
    0.29669E-02    0.80969E+01
    0.29967E-02    0.81646E+01
    0.30268E-02    0.82328E+01
    0.30573E-02    0.83013E+01
    0.30880E-02    0.83702E+01
    0.31190E-02    0.84395E+01
    0.31504E-02    0.85091E+01
    0.31820E-02    0.85792E+01
    0.32140E-02    0.86496E+01
    0.32463E-02    0.87204E+01
    0.32789E-02    0.87916E+01
    0.33119E-02    0.88631E+01
    0.33452E-02    0.89350E+01
    0.33788E-02    0.90072E+01
    0.34128E-02    0.90799E+01
    0.34471E-02    0.91528E+01
    0.34817E-02    0.92261E+01
    0.35167E-02    0.92998E+01
    0.35520E-02    0.93738E+01
    0.35877E-02    0.94481E+01
    0.36238E-02    0.95228E+01
    0.36602E-02    0.95977E+01
    0.36970E-02    0.96731E+01
    0.37342E-02    0.97487E+01
    0.37717E-02    0.98246E+01
    0.38096E-02    0.99009E+01
    0.38479E-02    0.99775E+01
    0.38866E-02    0.10054E+02
    0.39256E-02    0.10131E+02
    0.39651E-02    0.10209E+02
    0.40049E-02    0.10287E+02
    0.40452E-02    0.10365E+02
    0.40858E-02    0.10443E+02
    0.41269E-02    0.10521E+02
    0.41684E-02    0.10600E+02
    0.42102E-02    0.10679E+02
    0.42526E-02    0.10759E+02
    0.42953E-02    0.10838E+02
    0.43385E-02    0.10918E+02
    0.43821E-02    0.10998E+02
    0.44261E-02    0.11078E+02
    0.44706E-02    0.11159E+02
    0.45155E-02    0.11239E+02
    0.45609E-02    0.11320E+02
    0.46067E-02    0.11401E+02
    0.46530E-02    0.11482E+02
    0.46998E-02    0.11564E+02
    0.47470E-02    0.11645E+02
    0.47948E-02    0.11727E+02
    0.48429E-02    0.11809E+02
    0.48916E-02    0.11891E+02
    0.49408E-02    0.11973E+02
    0.49904E-02    0.12056E+02
    0.50406E-02    0.12138E+02
    0.50912E-02    0.12220E+02
    0.51424E-02    0.12303E+02
    0.51941E-02    0.12386E+02
    0.52463E-02    0.12469E+02
    0.52990E-02    0.12552E+02
    0.53523E-02    0.12635E+02
    0.54061E-02    0.12718E+02
    0.54604E-02    0.12801E+02
    0.55153E-02    0.12884E+02
    0.55707E-02    0.12967E+02
    0.56267E-02    0.13050E+02
    0.56832E-02    0.13133E+02
    0.57404E-02    0.13217E+02
    0.57981E-02    0.13300E+02
    0.58563E-02    0.13383E+02
    0.59152E-02    0.13466E+02
    0.59746E-02    0.13549E+02
    0.60347E-02    0.13632E+02
    0.60953E-02    0.13715E+02
    0.61566E-02    0.13798E+02
    0.62185E-02    0.13881E+02
    0.62810E-02    0.13964E+02
    0.63441E-02    0.14046E+02
    0.64078E-02    0.14129E+02
    0.64722E-02    0.14211E+02
    0.65373E-02    0.14294E+02
    0.66030E-02    0.14376E+02
    0.66693E-02    0.14458E+02
    0.67364E-02    0.14539E+02
    0.68041E-02    0.14621E+02
    0.68725E-02    0.14702E+02
    0.69415E-02    0.14783E+02
    0.70113E-02    0.14864E+02
    0.70818E-02    0.14945E+02
    0.71529E-02    0.15025E+02
    0.72248E-02    0.15105E+02
    0.72974E-02    0.15185E+02
    0.73708E-02    0.15264E+02
    0.74448E-02    0.15343E+02
    0.75197E-02    0.15422E+02
    0.75952E-02    0.15501E+02
    0.76716E-02    0.15579E+02
    0.77487E-02    0.15656E+02
    0.78266E-02    0.15734E+02
    0.79052E-02    0.15810E+02
    0.79847E-02    0.15887E+02
    0.80649E-02    0.15963E+02
    0.81460E-02    0.16038E+02
    0.82278E-02    0.16113E+02
    0.83105E-02    0.16187E+02
    0.83940E-02    0.16261E+02
    0.84784E-02    0.16335E+02
    0.85636E-02    0.16407E+02
    0.86497E-02    0.16479E+02
    0.87366E-02    0.16551E+02
    0.88244E-02    0.16622E+02
    0.89131E-02    0.16692E+02
    0.90027E-02    0.16762E+02
    0.90932E-02    0.16830E+02
    0.91845E-02    0.16899E+02
    0.92768E-02    0.16966E+02
    0.93701E-02    0.17032E+02
    0.94643E-02    0.17098E+02
    0.95594E-02    0.17163E+02
    0.96554E-02    0.17227E+02
    0.97525E-02    0.17291E+02
    0.98505E-02    0.17353E+02
    0.99495E-02    0.17415E+02
    0.10049E-01    0.17475E+02
    0.10150E-01    0.17535E+02
    0.10253E-01    0.17594E+02
    0.10356E-01    0.17651E+02
    0.10460E-01    0.17708E+02
    0.10565E-01    0.17764E+02
    0.10671E-01    0.17818E+02
    0.10778E-01    0.17872E+02
    0.10886E-01    0.17924E+02
    0.10996E-01    0.17976E+02
    0.11106E-01    0.18026E+02
    0.11218E-01    0.18075E+02
    0.11331E-01    0.18122E+02
    0.11445E-01    0.18169E+02
    0.11560E-01    0.18214E+02
    0.11676E-01    0.18258E+02
    0.11793E-01    0.18300E+02
    0.11912E-01    0.18342E+02
    0.12031E-01    0.18382E+02
    0.12152E-01    0.18420E+02
    0.12274E-01    0.18457E+02
    0.12398E-01    0.18493E+02
    0.12522E-01    0.18527E+02
    0.12648E-01    0.18560E+02
    0.12775E-01    0.18591E+02
    0.12904E-01    0.18621E+02
    0.13033E-01    0.18649E+02
    0.13164E-01    0.18675E+02
    0.13297E-01    0.18700E+02
    0.13430E-01    0.18723E+02
    0.13565E-01    0.18745E+02
    0.13702E-01    0.18765E+02
    0.13839E-01    0.18783E+02
    0.13979E-01    0.18799E+02
    0.14119E-01    0.18814E+02
    0.14261E-01    0.18827E+02
    0.14404E-01    0.18838E+02
    0.14549E-01    0.18847E+02
    0.14695E-01    0.18854E+02
    0.14843E-01    0.18860E+02
    0.14992E-01    0.18863E+02
    0.15143E-01    0.18865E+02
    0.15295E-01    0.18865E+02
    0.15449E-01    0.18862E+02
    0.15604E-01    0.18858E+02
    0.15761E-01    0.18851E+02
    0.15919E-01    0.18843E+02
    0.16079E-01    0.18833E+02
    0.16241E-01    0.18820E+02
    0.16404E-01    0.18805E+02
    0.16569E-01    0.18789E+02
    0.16735E-01    0.18770E+02
    0.16904E-01    0.18749E+02
    0.17073E-01    0.18725E+02
    0.17245E-01    0.18700E+02
    0.17418E-01    0.18672E+02
    0.17593E-01    0.18642E+02
    0.17770E-01    0.18610E+02
    0.17949E-01    0.18576E+02
    0.18129E-01    0.18540E+02
    0.18311E-01    0.18501E+02
    0.18495E-01    0.18460E+02
    0.18681E-01    0.18416E+02
    0.18869E-01    0.18371E+02
    0.19059E-01    0.18323E+02
    0.19250E-01    0.18273E+02
    0.19444E-01    0.18220E+02
    0.19639E-01    0.18166E+02
    0.19836E-01    0.18109E+02
    0.20036E-01    0.18049E+02
    0.20237E-01    0.17988E+02
    0.20441E-01    0.17924E+02
    0.20646E-01    0.17858E+02
    0.20853E-01    0.17789E+02
    0.21063E-01    0.17719E+02
    0.21275E-01    0.17646E+02
    0.21489E-01    0.17571E+02
    0.21705E-01    0.17494E+02
    0.21923E-01    0.17414E+02
    0.22143E-01    0.17332E+02
    0.22366E-01    0.17249E+02
    0.22590E-01    0.17163E+02
    0.22817E-01    0.17075E+02
    0.23047E-01    0.16984E+02
    0.23278E-01    0.16892E+02
    0.23512E-01    0.16798E+02
    0.23749E-01    0.16702E+02
    0.23987E-01    0.16604E+02
    0.24228E-01    0.16504E+02
    0.24472E-01    0.16402E+02
    0.24718E-01    0.16298E+02
    0.24966E-01    0.16193E+02
    0.25217E-01    0.16085E+02
    0.25471E-01    0.15976E+02
    0.25727E-01    0.15866E+02
    0.25985E-01    0.15753E+02
    0.26246E-01    0.15640E+02
    0.26510E-01    0.15524E+02
    0.26776E-01    0.15408E+02
    0.27046E-01    0.15290E+02
    0.27317E-01    0.15170E+02
    0.27592E-01    0.15050E+02
    0.27869E-01    0.14928E+02
    0.28149E-01    0.14805E+02
    0.28432E-01    0.14682E+02
    0.28718E-01    0.14557E+02
    0.29007E-01    0.14431E+02
    0.29298E-01    0.14305E+02
    0.29593E-01    0.14178E+02
    0.29890E-01    0.14050E+02
    0.30190E-01    0.13922E+02
    0.30494E-01    0.13793E+02
    0.30800E-01    0.13664E+02
    0.31110E-01    0.13534E+02
    0.31422E-01    0.13404E+02
    0.31738E-01    0.13275E+02
    0.32057E-01    0.13145E+02
    0.32379E-01    0.13015E+02
    0.32705E-01    0.12885E+02
    0.33033E-01    0.12756E+02
    0.33365E-01    0.12627E+02
    0.33701E-01    0.12498E+02
    0.34039E-01    0.12370E+02
    0.34382E-01    0.12242E+02
    0.34727E-01    0.12115E+02
    0.35076E-01    0.11988E+02
    0.35429E-01    0.11861E+02
    0.35785E-01    0.11735E+02
    0.36144E-01    0.11610E+02
    0.36508E-01    0.11485E+02
    0.36875E-01    0.11362E+02
    0.37245E-01    0.11241E+02
    0.37619E-01    0.11120E+02
    0.37998E-01    0.11001E+02
    0.38379E-01    0.10884E+02
    0.38765E-01    0.10768E+02
    0.39155E-01    0.10654E+02
    0.39548E-01    0.10542E+02
    0.39946E-01    0.10431E+02
    0.40347E-01    0.10323E+02
    0.40753E-01    0.10216E+02
    0.41162E-01    0.10112E+02
    0.41576E-01    0.10010E+02
    0.41994E-01    0.99092E+01
    0.42416E-01    0.98109E+01
    0.42842E-01    0.97148E+01
    0.43273E-01    0.96208E+01
    0.43708E-01    0.95290E+01
    0.44147E-01    0.94393E+01
    0.44591E-01    0.93516E+01
    0.45039E-01    0.92661E+01
    0.45491E-01    0.91827E+01
    0.45949E-01    0.91012E+01
    0.46410E-01    0.90218E+01
    0.46877E-01    0.89443E+01
    0.47348E-01    0.88687E+01
    0.47824E-01    0.87950E+01
    0.48304E-01    0.87230E+01
    0.48790E-01    0.86527E+01
    0.49280E-01    0.85841E+01
    0.49775E-01    0.85171E+01
    0.50276E-01    0.84516E+01
    0.50781E-01    0.83875E+01
    0.51291E-01    0.83250E+01
    0.51807E-01    0.82646E+01
    0.52327E-01    0.82054E+01
    0.52853E-01    0.81474E+01
    0.53385E-01    0.80905E+01
    0.53921E-01    0.80346E+01
    0.54463E-01    0.79795E+01
    0.55010E-01    0.79252E+01
    0.55563E-01    0.78715E+01
    0.56122E-01    0.78184E+01
    0.56686E-01    0.77658E+01
    0.57255E-01    0.77287E+01
    0.57831E-01    0.76772E+01
    0.58412E-01    0.76256E+01
    0.58999E-01    0.75738E+01
    0.59592E-01    0.75217E+01
    0.60191E-01    0.74691E+01
    0.60796E-01    0.74159E+01
    0.61407E-01    0.73619E+01
    0.62024E-01    0.73070E+01
    0.62647E-01    0.72511E+01
    0.63277E-01    0.71939E+01
    0.63913E-01    0.71354E+01
    0.64555E-01    0.70754E+01
    0.65204E-01    0.70138E+01
    0.65859E-01    0.69505E+01
    0.66521E-01    0.68854E+01
    0.67190E-01    0.68183E+01
    0.67865E-01    0.67493E+01
    0.68547E-01    0.66782E+01
    0.69236E-01    0.66051E+01
    0.69932E-01    0.65298E+01
    0.70635E-01    0.64523E+01
    0.71345E-01    0.63728E+01
    0.72062E-01    0.62911E+01
    0.72786E-01    0.62074E+01
    0.73517E-01    0.61218E+01
    0.74256E-01    0.60343E+01
    0.75002E-01    0.59451E+01
    0.75756E-01    0.58543E+01
    0.76518E-01    0.57620E+01
    0.77287E-01    0.56685E+01
    0.78063E-01    0.55738E+01
    0.78848E-01    0.54783E+01
    0.79640E-01    0.53821E+01
    0.80441E-01    0.52853E+01
    0.81249E-01    0.51884E+01
    0.82066E-01    0.50914E+01
    0.82891E-01    0.49947E+01
    0.83724E-01    0.48985E+01
    0.84565E-01    0.48029E+01
    0.85415E-01    0.47084E+01
    0.86273E-01    0.46151E+01
    0.87141E-01    0.45232E+01
    0.88016E-01    0.44330E+01
    0.88901E-01    0.43448E+01
    0.89794E-01    0.42587E+01
    0.90697E-01    0.41750E+01
    0.91608E-01    0.40938E+01
    0.92529E-01    0.40154E+01
    0.93459E-01    0.39398E+01
    0.94398E-01    0.38672E+01
    0.95347E-01    0.37978E+01
    0.96305E-01    0.37315E+01
    0.97273E-01    0.36685E+01
    0.98251E-01    0.36087E+01
    0.99238E-01    0.35522E+01
    0.10024E+00    0.34990E+01
    0.10124E+00    0.34489E+01
    0.10226E+00    0.34019E+01
    0.10329E+00    0.33578E+01
    0.10433E+00    0.33167E+01
    0.10537E+00    0.32782E+01
    0.10643E+00    0.32423E+01
    0.10750E+00    0.32088E+01
    0.10858E+00    0.31773E+01
    0.10968E+00    0.31478E+01
    0.11078E+00    0.31199E+01
    0.11189E+00    0.30933E+01
    0.11302E+00    0.30677E+01
    0.11415E+00    0.30428E+01
    0.11530E+00    0.30182E+01
    0.11646E+00    0.29936E+01
    0.11763E+00    0.29686E+01
    0.11881E+00    0.29428E+01
    0.12000E+00    0.29158E+01
    0.12121E+00    0.28874E+01
    0.12243E+00    0.28573E+01
    0.12366E+00    0.28251E+01
    0.12490E+00    0.27908E+01
    0.12616E+00    0.27543E+01
    0.12742E+00    0.27155E+01
    0.12870E+00    0.26744E+01
    0.13000E+00    0.26312E+01
    0.13130E+00    0.25860E+01
    0.13262E+00    0.25390E+01
    0.13396E+00    0.24904E+01
    0.13530E+00    0.24405E+01
    0.13666E+00    0.23896E+01
    0.13804E+00    0.23379E+01
    0.13942E+00    0.22857E+01
    0.14083E+00    0.22333E+01
    0.14224E+00    0.21810E+01
    0.14367E+00    0.21291E+01
    0.14511E+00    0.20780E+01
    0.14657E+00    0.20280E+01
    0.14805E+00    0.19795E+01
    0.14953E+00    0.19327E+01
    0.15104E+00    0.18880E+01
    0.15255E+00    0.18457E+01
    0.15409E+00    0.18059E+01
    0.15564E+00    0.17689E+01
    0.15720E+00    0.17347E+01
    0.15878E+00    0.17032E+01
    0.16038E+00    0.16745E+01
    0.16199E+00    0.16482E+01
    0.16362E+00    0.16243E+01
    0.16526E+00    0.16025E+01
    0.16692E+00    0.15824E+01
    0.16860E+00    0.15638E+01
    0.17029E+00    0.15464E+01
    0.17200E+00    0.15298E+01
    0.17373E+00    0.15138E+01
    0.17548E+00    0.14980E+01
    0.17724E+00    0.14822E+01
    0.17902E+00    0.14659E+01
    0.18082E+00    0.14488E+01
    0.18264E+00    0.14308E+01
    0.18448E+00    0.14114E+01
    0.18633E+00    0.13907E+01
    0.18820E+00    0.13684E+01
    0.19009E+00    0.13446E+01
    0.19201E+00    0.13194E+01
    0.19393E+00    0.12929E+01
    0.19588E+00    0.12655E+01
    0.19785E+00    0.12373E+01
    0.19984E+00    0.12086E+01
    0.20185E+00    0.11798E+01
    0.20388E+00    0.11510E+01
    0.20593E+00    0.11227E+01
    0.20800E+00    0.10952E+01
    0.21009E+00    0.10687E+01
    0.21220E+00    0.10434E+01
    0.21433E+00    0.10197E+01
    0.21649E+00    0.99760E+00
    0.21866E+00    0.97727E+00
    0.22086E+00    0.95869E+00
    0.22308E+00    0.94175E+00
    0.22532E+00    0.92630E+00
    0.22758E+00    0.91209E+00
    0.22987E+00    0.89889E+00
    0.23218E+00    0.88641E+00
    0.23452E+00    0.87440E+00
    0.23687E+00    0.86260E+00
    0.23925E+00    0.85077E+00
    0.24166E+00    0.83870E+00
    0.24409E+00    0.82616E+00
    0.24654E+00    0.81301E+00
    0.24902E+00    0.79912E+00
    0.25152E+00    0.78445E+00
    0.25405E+00    0.76902E+00
    0.25660E+00    0.75295E+00
    0.25918E+00    0.73642E+00
    0.26178E+00    0.71965E+00
    0.26442E+00    0.70287E+00
    0.26707E+00    0.68631E+00
    0.26976E+00    0.67018E+00
    0.27247E+00    0.65466E+00
    0.27521E+00    0.63988E+00
    0.27797E+00    0.62593E+00
    0.28077E+00    0.61289E+00
    0.28359E+00    0.60077E+00
    0.28644E+00    0.58951E+00
    0.28932E+00    0.57903E+00
    0.29222E+00    0.56917E+00
    0.29516E+00    0.55976E+00
    0.29813E+00    0.55062E+00
    0.30112E+00    0.54157E+00
    0.30415E+00    0.53246E+00
    0.30721E+00    0.52317E+00
    0.31029E+00    0.51362E+00
    0.31341E+00    0.50375E+00
    0.31656E+00    0.49359E+00
    0.31974E+00    0.48318E+00
    0.32296E+00    0.47263E+00
    0.32620E+00    0.46207E+00
    0.32948E+00    0.45165E+00
    0.33279E+00    0.44149E+00
    0.33614E+00    0.43168E+00
    0.33952E+00    0.42229E+00
    0.34293E+00    0.41336E+00
    0.34638E+00    0.40491E+00
    0.34986E+00    0.39692E+00
    0.35337E+00    0.38934E+00
    0.35692E+00    0.38207E+00
    0.36051E+00    0.37499E+00
    0.36413E+00    0.36801E+00
    0.36779E+00    0.36105E+00
    0.37149E+00    0.35407E+00
    0.37522E+00    0.34703E+00
    0.37899E+00    0.33992E+00
    0.38280E+00    0.33276E+00
    0.38665E+00    0.32558E+00
    0.39054E+00    0.31845E+00
    0.39446E+00    0.31146E+00
    0.39843E+00    0.30466E+00
    0.40243E+00    0.29808E+00
    0.40647E+00    0.29175E+00
    0.41056E+00    0.28568E+00
    0.41469E+00    0.27986E+00
    0.41885E+00    0.27423E+00
    0.42306E+00    0.26876E+00
    0.42732E+00    0.26338E+00
    0.43161E+00    0.25807E+00
    0.43595E+00    0.25279E+00
    0.44033E+00    0.24754E+00
    0.44475E+00    0.24230E+00
    0.44922E+00    0.23710E+00
    0.45374E+00    0.23197E+00
    0.45830E+00    0.22693E+00
    0.46291E+00    0.22202E+00
    0.46756E+00    0.21724E+00
    0.47226E+00    0.21261E+00
    0.47700E+00    0.20812E+00
    0.48180E+00    0.20376E+00
    0.48664E+00    0.19951E+00
    0.49153E+00    0.19535E+00
    0.49647E+00    0.19124E+00
    0.50146E+00    0.18719E+00
    0.50650E+00    0.18319E+00
    0.51159E+00    0.17924E+00
    0.51673E+00    0.17535E+00
    0.52192E+00    0.17154E+00
    0.52717E+00    0.16781E+00
    0.53247E+00    0.16418E+00
    0.53782E+00    0.16063E+00
    0.54322E+00    0.15718E+00
    0.54868E+00    0.15381E+00
    0.55420E+00    0.15051E+00
    0.55977E+00    0.14727E+00
    0.56539E+00    0.14409E+00
    0.57108E+00    0.14096E+00
    0.57681E+00    0.13789E+00
    0.58261E+00    0.13487E+00
    0.58847E+00    0.13192E+00
    0.59438E+00    0.12903E+00
    0.60036E+00    0.12620E+00
    0.60639E+00    0.12345E+00
    0.61248E+00    0.12075E+00
    0.61864E+00    0.11811E+00
    0.62486E+00    0.11553E+00
    0.63114E+00    0.11299E+00
    0.63748E+00    0.11051E+00
    0.64389E+00    0.10807E+00
    0.65036E+00    0.10568E+00
    0.65689E+00    0.10335E+00
    0.66350E+00    0.10106E+00
    0.67016E+00    0.98827E-01
    0.67690E+00    0.96642E-01
    0.68370E+00    0.94503E-01
    0.69057E+00    0.92406E-01
    0.69751E+00    0.90355E-01
    0.70452E+00    0.88346E-01
    0.71160E+00    0.86377E-01
    0.71876E+00    0.84452E-01
    0.72598E+00    0.82568E-01
    0.73328E+00    0.80723E-01
    0.74065E+00    0.78920E-01
    0.74809E+00    0.77154E-01
    0.75561E+00    0.75425E-01
    0.76320E+00    0.73734E-01
    0.77087E+00    0.72078E-01
    0.77862E+00    0.70457E-01
    0.78644E+00    0.68873E-01
    0.79435E+00    0.67321E-01
    0.80233E+00    0.65804E-01
    0.81039E+00    0.64320E-01
    0.81854E+00    0.62866E-01
    0.82677E+00    0.61445E-01
    0.83508E+00    0.60055E-01
    0.84347E+00    0.58694E-01
    0.85194E+00    0.57363E-01
    0.86051E+00    0.56061E-01
    0.86916E+00    0.54788E-01
    0.87789E+00    0.53542E-01
    0.88671E+00    0.52323E-01
    0.89563E+00    0.51132E-01
    0.90463E+00    0.49966E-01
    0.91372E+00    0.48826E-01
    0.92290E+00    0.47710E-01
    0.93218E+00    0.46620E-01
    0.94155E+00    0.45553E-01
    0.95101E+00    0.44510E-01
    0.96057E+00    0.43490E-01
    0.97022E+00    0.42491E-01
    0.97997E+00    0.41516E-01
    0.98982E+00    0.40561E-01
    0.99977E+00    0.39628E-01
    0.10098E+01    0.38715E-01
    0.10200E+01    0.37823E-01
    0.10302E+01    0.36950E-01
    0.10406E+01    0.36097E-01
    0.10510E+01    0.35262E-01
    0.10616E+01    0.34447E-01
    0.10723E+01    0.33649E-01
    0.10830E+01    0.32870E-01
    0.10939E+01    0.32107E-01
    0.11049E+01    0.31362E-01
    0.11160E+01    0.30634E-01
    0.11272E+01    0.29922E-01
    0.11386E+01    0.29226E-01
    0.11500E+01    0.28546E-01
    0.11616E+01    0.27880E-01
    0.11732E+01    0.27231E-01
    0.11850E+01    0.26595E-01
    0.11969E+01    0.25974E-01
    0.12090E+01    0.25367E-01
    0.12211E+01    0.24773E-01
    0.12334E+01    0.24193E-01
    0.12458E+01    0.23626E-01
    0.12583E+01    0.23073E-01
    0.12710E+01    0.22531E-01
    0.12837E+01    0.22002E-01
    0.12966E+01    0.21485E-01
    0.13097E+01    0.20979E-01
    0.13228E+01    0.20485E-01
    0.13361E+01    0.20003E-01
    0.13495E+01    0.19531E-01
    0.13631E+01    0.19070E-01
    0.13768E+01    0.18620E-01
    0.13906E+01    0.18180E-01
    0.14046E+01    0.17750E-01
    0.14187E+01    0.17330E-01
    0.14330E+01    0.16920E-01
    0.14474E+01    0.16519E-01
    0.14619E+01    0.16127E-01
    0.14766E+01    0.15745E-01
    0.14915E+01    0.15371E-01
    0.15065E+01    0.15006E-01
    0.15216E+01    0.14649E-01
    0.15369E+01    0.14300E-01
    0.15523E+01    0.13960E-01
    0.15679E+01    0.13627E-01
    0.15837E+01    0.13302E-01
    0.15996E+01    0.12985E-01
    0.16157E+01    0.12675E-01
    0.16319E+01    0.12372E-01
    0.16483E+01    0.12076E-01
    0.16649E+01    0.11787E-01
    0.16816E+01    0.11505E-01
    0.16985E+01    0.11229E-01
    0.17156E+01    0.10960E-01
    0.17328E+01    0.10697E-01
    0.17503E+01    0.10440E-01
    0.17679E+01    0.10189E-01
    0.17856E+01    0.99443E-02
    0.18036E+01    0.97051E-02
    0.18217E+01    0.94715E-02
    0.18400E+01    0.92435E-02
    0.18585E+01    0.90208E-02
    0.18772E+01    0.88032E-02
    0.18960E+01    0.85908E-02
    0.19151E+01    0.83834E-02
    0.19343E+01    0.81809E-02
    0.19538E+01    0.79831E-02
    0.19734E+01    0.77900E-02
    0.19933E+01    0.76014E-02
    0.20133E+01    0.74173E-02
    0.20335E+01    0.72376E-02
    0.20540E+01    0.70620E-02
    0.20746E+01    0.68907E-02
    0.20954E+01    0.67234E-02
    0.21165E+01    0.65601E-02
    0.21378E+01    0.64006E-02
    0.21593E+01    0.62450E-02
    0.21810E+01    0.60930E-02
    0.22029E+01    0.59447E-02
    0.22250E+01    0.57998E-02
    0.22474E+01    0.56585E-02
    0.22700E+01    0.55204E-02
    0.22928E+01    0.53857E-02
    0.23158E+01    0.52542E-02
    0.23391E+01    0.51258E-02
    0.23626E+01    0.50005E-02
    0.23864E+01    0.48782E-02
    0.24103E+01    0.47588E-02
    0.24346E+01    0.46423E-02
    0.24590E+01    0.45285E-02
    0.24837E+01    0.44175E-02
    0.25087E+01    0.43091E-02
    0.25339E+01    0.42034E-02
    0.25594E+01    0.41002E-02
    0.25851E+01    0.39995E-02
    0.26111E+01    0.39012E-02
    0.26373E+01    0.38052E-02
    0.26638E+01    0.37116E-02
    0.26906E+01    0.36202E-02
    0.27176E+01    0.35310E-02
    0.27450E+01    0.34440E-02
    0.27725E+01    0.33591E-02
    0.28004E+01    0.32762E-02
    0.28286E+01    0.31953E-02
    0.28570E+01    0.31164E-02
    0.28857E+01    0.30394E-02
    0.29147E+01    0.29642E-02
    0.29440E+01    0.28909E-02
    0.29736E+01    0.28194E-02
    0.30035E+01    0.27496E-02
    0.30337E+01    0.26815E-02
    0.30641E+01    0.26150E-02
    0.30949E+01    0.25502E-02
    0.31260E+01    0.24869E-02
    0.31575E+01    0.24252E-02
    0.31892E+01    0.23649E-02
    0.32212E+01    0.23062E-02
    0.32536E+01    0.22488E-02
    0.32863E+01    0.21929E-02
    0.33193E+01    0.21383E-02
    0.33527E+01    0.20851E-02
    0.33864E+01    0.20332E-02
    0.34204E+01    0.19825E-02
    0.34548E+01    0.19331E-02
    0.34895E+01    0.18849E-02
    0.35246E+01    0.18379E-02
    0.35600E+01    0.17920E-02
    0.35958E+01    0.17472E-02
    0.36319E+01    0.17036E-02
    0.36684E+01    0.16610E-02
    0.37053E+01    0.16194E-02
    0.37425E+01    0.15789E-02
    0.37802E+01    0.15394E-02
    0.38182E+01    0.15008E-02
    0.38565E+01    0.14632E-02
    0.38953E+01    0.14265E-02
    0.39344E+01    0.13908E-02
    0.39740E+01    0.13559E-02
    0.40139E+01    0.13218E-02
    0.40543E+01    0.12887E-02
    0.40950E+01    0.12563E-02
    0.41362E+01    0.12247E-02
    0.41777E+01    0.11939E-02
    0.42197E+01    0.11639E-02
    0.42621E+01    0.11346E-02
    0.43050E+01    0.11060E-02
    0.43482E+01    0.10782E-02
    0.43919E+01    0.10510E-02
    0.44361E+01    0.10245E-02
    0.44806E+01    0.99867E-03
    0.45257E+01    0.97348E-03
    0.45712E+01    0.94891E-03
    0.46171E+01    0.92495E-03
    0.46635E+01    0.90158E-03
    0.47104E+01    0.87880E-03
    0.47577E+01    0.85658E-03
    0.48055E+01    0.83491E-03
    0.48538E+01    0.81379E-03
    0.49026E+01    0.79319E-03
    0.49519E+01    0.77310E-03
    0.50016E+01    0.75352E-03
    0.50519E+01    0.73442E-03
    0.51027E+01    0.71580E-03
    0.51540E+01    0.69765E-03
    0.52058E+01    0.67995E-03
    0.52581E+01    0.66269E-03
    0.53109E+01    0.64586E-03
    0.53643E+01    0.62946E-03
    0.54182E+01    0.61346E-03
    0.54727E+01    0.59786E-03
    0.55277E+01    0.58266E-03
    0.55832E+01    0.56783E-03
    0.56393E+01    0.55338E-03
    0.56960E+01    0.53929E-03
    0.57533E+01    0.52556E-03
    0.58111E+01    0.51217E-03
    0.58695E+01    0.49911E-03
    0.59285E+01    0.48639E-03
    0.59881E+01    0.47398E-03
    0.60482E+01    0.46188E-03
    0.61090E+01    0.45009E-03
    0.61704E+01    0.43860E-03
    0.62324E+01    0.42739E-03
    0.62951E+01    0.41647E-03
    0.63583E+01    0.40582E-03
    0.64222E+01    0.39544E-03
    0.64868E+01    0.38533E-03
    0.65520E+01    0.37547E-03
    0.66178E+01    0.36585E-03
    0.66843E+01    0.35648E-03
    0.67515E+01    0.34735E-03
    0.68194E+01    0.33845E-03
    0.68879E+01    0.32977E-03
    0.69571E+01    0.32131E-03
    0.70270E+01    0.31307E-03
    0.70977E+01    0.30504E-03
    0.71690E+01    0.29721E-03
    0.72411E+01    0.28957E-03
    0.73138E+01    0.28213E-03
    0.73873E+01    0.27488E-03
    0.74616E+01    0.26781E-03
    0.75366E+01    0.26093E-03
    0.76123E+01    0.25422E-03
    0.76888E+01    0.24767E-03
    0.77661E+01    0.24130E-03
    0.78441E+01    0.23508E-03
    0.79230E+01    0.22903E-03
    0.80026E+01    0.22313E-03
    0.80830E+01    0.21737E-03
    0.81643E+01    0.21177E-03
    0.82463E+01    0.20631E-03
    0.83292E+01    0.20098E-03
    0.84129E+01    0.19580E-03
    0.84975E+01    0.19074E-03
    0.85829E+01    0.18581E-03
    0.86691E+01    0.18101E-03
    0.87562E+01    0.17634E-03
    0.88442E+01    0.17178E-03
    0.89331E+01    0.16733E-03
    0.90229E+01    0.16301E-03
    0.91136E+01    0.15879E-03
    0.92052E+01    0.15468E-03
    0.92977E+01    0.15067E-03
    0.93911E+01    0.14677E-03
    0.94855E+01    0.14297E-03
    0.95809E+01    0.13926E-03
    0.96771E+01    0.13565E-03
    0.97744E+01    0.13213E-03
    0.98726E+01    0.12871E-03
    0.99719E+01    0.12537E-03
    0.10072E+02    0.12211E-03
