    0.10027E-04    0.88614E-02
    0.10128E-04    0.89469E-02
    0.10230E-04    0.90332E-02
    0.10332E-04    0.91203E-02
    0.10436E-04    0.92083E-02
    0.10541E-04    0.92971E-02
    0.10647E-04    0.93868E-02
    0.10754E-04    0.94774E-02
    0.10862E-04    0.95688E-02
    0.10971E-04    0.96611E-02
    0.11082E-04    0.97543E-02
    0.11193E-04    0.98484E-02
    0.11305E-04    0.99434E-02
    0.11419E-04    0.10039E-01
    0.11534E-04    0.10136E-01
    0.11650E-04    0.10234E-01
    0.11767E-04    0.10333E-01
    0.11885E-04    0.10432E-01
    0.12004E-04    0.10533E-01
    0.12125E-04    0.10635E-01
    0.12247E-04    0.10737E-01
    0.12370E-04    0.10841E-01
    0.12494E-04    0.10945E-01
    0.12620E-04    0.11051E-01
    0.12747E-04    0.11157E-01
    0.12875E-04    0.11265E-01
    0.13004E-04    0.11374E-01
    0.13135E-04    0.11483E-01
    0.13267E-04    0.11594E-01
    0.13400E-04    0.11706E-01
    0.13535E-04    0.11819E-01
    0.13671E-04    0.11933E-01
    0.13808E-04    0.12048E-01
    0.13947E-04    0.12164E-01
    0.14087E-04    0.12282E-01
    0.14229E-04    0.12400E-01
    0.14372E-04    0.12520E-01
    0.14516E-04    0.12641E-01
    0.14662E-04    0.12762E-01
    0.14810E-04    0.12886E-01
    0.14958E-04    0.13010E-01
    0.15109E-04    0.13135E-01
    0.15261E-04    0.13262E-01
    0.15414E-04    0.13390E-01
    0.15569E-04    0.13519E-01
    0.15725E-04    0.13650E-01
    0.15883E-04    0.13781E-01
    0.16043E-04    0.13914E-01
    0.16204E-04    0.14048E-01
    0.16367E-04    0.14184E-01
    0.16532E-04    0.14321E-01
    0.16698E-04    0.14459E-01
    0.16866E-04    0.14598E-01
    0.17035E-04    0.14739E-01
    0.17206E-04    0.14881E-01
    0.17379E-04    0.15025E-01
    0.17554E-04    0.15170E-01
    0.17730E-04    0.15316E-01
    0.17909E-04    0.15464E-01
    0.18089E-04    0.15613E-01
    0.18270E-04    0.15764E-01
    0.18454E-04    0.15916E-01
    0.18639E-04    0.16069E-01
    0.18827E-04    0.16224E-01
    0.19016E-04    0.16381E-01
    0.19207E-04    0.16539E-01
    0.19400E-04    0.16698E-01
    0.19595E-04    0.16859E-01
    0.19792E-04    0.17022E-01
    0.19991E-04    0.17186E-01
    0.20192E-04    0.17352E-01
    0.20395E-04    0.17519E-01
    0.20600E-04    0.17688E-01
    0.20807E-04    0.17859E-01
    0.21016E-04    0.18031E-01
    0.21227E-04    0.18205E-01
    0.21440E-04    0.18381E-01
    0.21656E-04    0.18558E-01
    0.21874E-04    0.18737E-01
    0.22093E-04    0.18918E-01
    0.22315E-04    0.19100E-01
    0.22540E-04    0.19285E-01
    0.22766E-04    0.19471E-01
    0.22995E-04    0.19658E-01
    0.23226E-04    0.19848E-01
    0.23460E-04    0.20039E-01
    0.23695E-04    0.20233E-01
    0.23933E-04    0.20428E-01
    0.24174E-04    0.20625E-01
    0.24417E-04    0.20824E-01
    0.24662E-04    0.21025E-01
    0.24910E-04    0.21228E-01
    0.25161E-04    0.21432E-01
    0.25413E-04    0.21639E-01
    0.25669E-04    0.21848E-01
    0.25927E-04    0.22059E-01
    0.26187E-04    0.22271E-01
    0.26451E-04    0.22486E-01
    0.26716E-04    0.22703E-01
    0.26985E-04    0.22922E-01
    0.27256E-04    0.23143E-01
    0.27530E-04    0.23367E-01
    0.27807E-04    0.23592E-01
    0.28086E-04    0.23819E-01
    0.28368E-04    0.24049E-01
    0.28654E-04    0.24281E-01
    0.28942E-04    0.24515E-01
    0.29232E-04    0.24752E-01
    0.29526E-04    0.24991E-01
    0.29823E-04    0.25232E-01
    0.30123E-04    0.25475E-01
    0.30425E-04    0.25721E-01
    0.30731E-04    0.25969E-01
    0.31040E-04    0.26219E-01
    0.31352E-04    0.26472E-01
    0.31667E-04    0.26728E-01
    0.31985E-04    0.26986E-01
    0.32307E-04    0.27246E-01
    0.32631E-04    0.27509E-01
    0.32959E-04    0.27774E-01
    0.33291E-04    0.28042E-01
    0.33625E-04    0.28312E-01
    0.33963E-04    0.28586E-01
    0.34305E-04    0.28861E-01
    0.34649E-04    0.29140E-01
    0.34998E-04    0.29421E-01
    0.35349E-04    0.29705E-01
    0.35705E-04    0.29991E-01
    0.36063E-04    0.30280E-01
    0.36426E-04    0.30572E-01
    0.36792E-04    0.30867E-01
    0.37162E-04    0.31165E-01
    0.37535E-04    0.31466E-01
    0.37912E-04    0.31769E-01
    0.38293E-04    0.32076E-01
    0.38678E-04    0.32385E-01
    0.39067E-04    0.32698E-01
    0.39460E-04    0.33013E-01
    0.39856E-04    0.33331E-01
    0.40257E-04    0.33653E-01
    0.40661E-04    0.33978E-01
    0.41070E-04    0.34305E-01
    0.41483E-04    0.34636E-01
    0.41900E-04    0.34970E-01
    0.42321E-04    0.35308E-01
    0.42746E-04    0.35648E-01
    0.43176E-04    0.35992E-01
    0.43610E-04    0.36339E-01
    0.44048E-04    0.36690E-01
    0.44491E-04    0.37044E-01
    0.44938E-04    0.37401E-01
    0.45389E-04    0.37762E-01
    0.45846E-04    0.38126E-01
    0.46306E-04    0.38494E-01
    0.46772E-04    0.38865E-01
    0.47242E-04    0.39240E-01
    0.47717E-04    0.39618E-01
    0.48196E-04    0.40001E-01
    0.48680E-04    0.40386E-01
    0.49170E-04    0.40776E-01
    0.49664E-04    0.41169E-01
    0.50163E-04    0.41566E-01
    0.50667E-04    0.41967E-01
    0.51176E-04    0.42372E-01
    0.51691E-04    0.42781E-01
    0.52210E-04    0.43194E-01
    0.52735E-04    0.43610E-01
    0.53265E-04    0.44031E-01
    0.53800E-04    0.44456E-01
    0.54341E-04    0.44884E-01
    0.54887E-04    0.45317E-01
    0.55439E-04    0.45755E-01
    0.55996E-04    0.46196E-01
    0.56559E-04    0.46641E-01
    0.57127E-04    0.47091E-01
    0.57701E-04    0.47546E-01
    0.58281E-04    0.48004E-01
    0.58867E-04    0.48467E-01
    0.59458E-04    0.48935E-01
    0.60056E-04    0.49407E-01
    0.60660E-04    0.49883E-01
    0.61269E-04    0.50365E-01
    0.61885E-04    0.50850E-01
    0.62507E-04    0.51341E-01
    0.63135E-04    0.51836E-01
    0.63770E-04    0.52336E-01
    0.64411E-04    0.52841E-01
    0.65058E-04    0.53351E-01
    0.65712E-04    0.53865E-01
    0.66372E-04    0.54385E-01
    0.67039E-04    0.54909E-01
    0.67713E-04    0.55439E-01
    0.68393E-04    0.55974E-01
    0.69081E-04    0.56514E-01
    0.69775E-04    0.57059E-01
    0.70476E-04    0.57609E-01
    0.71185E-04    0.58165E-01
    0.71900E-04    0.58726E-01
    0.72623E-04    0.59292E-01
    0.73353E-04    0.59864E-01
    0.74090E-04    0.60442E-01
    0.74834E-04    0.61025E-01
    0.75586E-04    0.61613E-01
    0.76346E-04    0.62207E-01
    0.77113E-04    0.62808E-01
    0.77888E-04    0.63413E-01
    0.78671E-04    0.64025E-01
    0.79462E-04    0.64643E-01
    0.80260E-04    0.65266E-01
    0.81067E-04    0.65896E-01
    0.81882E-04    0.66531E-01
    0.82705E-04    0.67173E-01
    0.83536E-04    0.67821E-01
    0.84376E-04    0.68475E-01
    0.85224E-04    0.69135E-01
    0.86080E-04    0.69802E-01
    0.86945E-04    0.70476E-01
    0.87819E-04    0.71155E-01
    0.88702E-04    0.71842E-01
    0.89593E-04    0.72535E-01
    0.90493E-04    0.73234E-01
    0.91403E-04    0.73941E-01
    0.92322E-04    0.74654E-01
    0.93249E-04    0.75374E-01
    0.94187E-04    0.76101E-01
    0.95133E-04    0.76835E-01
    0.96089E-04    0.77576E-01
    0.97055E-04    0.78324E-01
    0.98030E-04    0.79080E-01
    0.99016E-04    0.79842E-01
    0.10001E-03    0.80612E-01
    0.10102E-03    0.81390E-01
    0.10203E-03    0.82175E-01
    0.10306E-03    0.82967E-01
    0.10409E-03    0.83768E-01
    0.10514E-03    0.84576E-01
    0.10620E-03    0.85391E-01
    0.10726E-03    0.86215E-01
    0.10834E-03    0.87046E-01
    0.10943E-03    0.87886E-01
    0.11053E-03    0.88734E-01
    0.11164E-03    0.89589E-01
    0.11276E-03    0.90454E-01
    0.11390E-03    0.91326E-01
    0.11504E-03    0.92207E-01
    0.11620E-03    0.93096E-01
    0.11736E-03    0.93994E-01
    0.11854E-03    0.94901E-01
    0.11973E-03    0.95816E-01
    0.12094E-03    0.96740E-01
    0.12215E-03    0.97673E-01
    0.12338E-03    0.98615E-01
    0.12462E-03    0.99566E-01
    0.12587E-03    0.10053E+00
    0.12714E-03    0.10150E+00
    0.12842E-03    0.10247E+00
    0.12971E-03    0.10346E+00
    0.13101E-03    0.10446E+00
    0.13233E-03    0.10547E+00
    0.13366E-03    0.10649E+00
    0.13500E-03    0.10751E+00
    0.13636E-03    0.10855E+00
    0.13773E-03    0.10960E+00
    0.13911E-03    0.11065E+00
    0.14051E-03    0.11172E+00
    0.14192E-03    0.11280E+00
    0.14335E-03    0.11389E+00
    0.14479E-03    0.11498E+00
    0.14624E-03    0.11609E+00
    0.14771E-03    0.11721E+00
    0.14920E-03    0.11834E+00
    0.15070E-03    0.11948E+00
    0.15221E-03    0.12064E+00
    0.15374E-03    0.12180E+00
    0.15529E-03    0.12297E+00
    0.15685E-03    0.12416E+00
    0.15842E-03    0.12536E+00
    0.16002E-03    0.12657E+00
    0.16162E-03    0.12779E+00
    0.16325E-03    0.12902E+00
    0.16489E-03    0.13026E+00
    0.16655E-03    0.13152E+00
    0.16822E-03    0.13279E+00
    0.16991E-03    0.13407E+00
    0.17162E-03    0.13536E+00
    0.17334E-03    0.13667E+00
    0.17509E-03    0.13798E+00
    0.17685E-03    0.13931E+00
    0.17862E-03    0.14066E+00
    0.18042E-03    0.14201E+00
    0.18223E-03    0.14338E+00
    0.18406E-03    0.14477E+00
    0.18591E-03    0.14616E+00
    0.18778E-03    0.14757E+00
    0.18967E-03    0.14899E+00
    0.19157E-03    0.15043E+00
    0.19350E-03    0.15188E+00
    0.19544E-03    0.15335E+00
    0.19741E-03    0.15482E+00
    0.19939E-03    0.15632E+00
    0.20140E-03    0.15782E+00
    0.20342E-03    0.15935E+00
    0.20547E-03    0.16088E+00
    0.20753E-03    0.16243E+00
    0.20962E-03    0.16400E+00
    0.21172E-03    0.16558E+00
    0.21385E-03    0.16718E+00
    0.21600E-03    0.16879E+00
    0.21817E-03    0.17042E+00
    0.22036E-03    0.17206E+00
    0.22258E-03    0.17372E+00
    0.22481E-03    0.17539E+00
    0.22707E-03    0.17708E+00
    0.22936E-03    0.17879E+00
    0.23166E-03    0.18051E+00
    0.23399E-03    0.18225E+00
    0.23634E-03    0.18401E+00
    0.23872E-03    0.18578E+00
    0.24112E-03    0.18758E+00
    0.24354E-03    0.18938E+00
    0.24599E-03    0.19121E+00
    0.24846E-03    0.19305E+00
    0.25096E-03    0.19491E+00
    0.25348E-03    0.19679E+00
    0.25603E-03    0.19869E+00
    0.25860E-03    0.20060E+00
    0.26120E-03    0.20254E+00
    0.26382E-03    0.20449E+00
    0.26647E-03    0.20646E+00
    0.26915E-03    0.20845E+00
    0.27186E-03    0.21046E+00
    0.27459E-03    0.21249E+00
    0.27735E-03    0.21454E+00
    0.28014E-03    0.21660E+00
    0.28295E-03    0.21869E+00
    0.28580E-03    0.22080E+00
    0.28867E-03    0.22293E+00
    0.29157E-03    0.22507E+00
    0.29450E-03    0.22724E+00
    0.29746E-03    0.22943E+00
    0.30045E-03    0.23164E+00
    0.30347E-03    0.23388E+00
    0.30652E-03    0.23613E+00
    0.30960E-03    0.23840E+00
    0.31271E-03    0.24070E+00
    0.31585E-03    0.24302E+00
    0.31903E-03    0.24536E+00
    0.32223E-03    0.24773E+00
    0.32547E-03    0.25011E+00
    0.32874E-03    0.25252E+00
    0.33205E-03    0.25496E+00
    0.33538E-03    0.25741E+00
    0.33876E-03    0.25989E+00
    0.34216E-03    0.26240E+00
    0.34560E-03    0.26492E+00
    0.34907E-03    0.26747E+00
    0.35258E-03    0.27005E+00
    0.35612E-03    0.27265E+00
    0.35970E-03    0.27528E+00
    0.36332E-03    0.27793E+00
    0.36697E-03    0.28061E+00
    0.37066E-03    0.28331E+00
    0.37438E-03    0.28604E+00
    0.37814E-03    0.28879E+00
    0.38195E-03    0.29157E+00
    0.38578E-03    0.29438E+00
    0.38966E-03    0.29722E+00
    0.39358E-03    0.30008E+00
    0.39753E-03    0.30297E+00
    0.40153E-03    0.30588E+00
    0.40556E-03    0.30883E+00
    0.40964E-03    0.31180E+00
    0.41376E-03    0.31480E+00
    0.41791E-03    0.31783E+00
    0.42211E-03    0.32089E+00
    0.42636E-03    0.32398E+00
    0.43064E-03    0.32710E+00
    0.43497E-03    0.33025E+00
    0.43934E-03    0.33343E+00
    0.44376E-03    0.33664E+00
    0.44822E-03    0.33988E+00
    0.45272E-03    0.34315E+00
    0.45727E-03    0.34645E+00
    0.46187E-03    0.34978E+00
    0.46651E-03    0.35315E+00
    0.47120E-03    0.35655E+00
    0.47593E-03    0.35998E+00
    0.48072E-03    0.36344E+00
    0.48555E-03    0.36694E+00
    0.49043E-03    0.37047E+00
    0.49536E-03    0.37403E+00
    0.50033E-03    0.37763E+00
    0.50536E-03    0.38126E+00
    0.51044E-03    0.38493E+00
    0.51557E-03    0.38863E+00
    0.52075E-03    0.39236E+00
    0.52599E-03    0.39614E+00
    0.53127E-03    0.39995E+00
    0.53661E-03    0.40379E+00
    0.54201E-03    0.40767E+00
    0.54745E-03    0.41159E+00
    0.55296E-03    0.41555E+00
    0.55851E-03    0.41954E+00
    0.56413E-03    0.42357E+00
    0.56980E-03    0.42764E+00
    0.57552E-03    0.43175E+00
    0.58131E-03    0.43590E+00
    0.58715E-03    0.44009E+00
    0.59305E-03    0.44432E+00
    0.59901E-03    0.44859E+00
    0.60503E-03    0.45289E+00
    0.61111E-03    0.45724E+00
    0.61725E-03    0.46164E+00
    0.62346E-03    0.46607E+00
    0.62972E-03    0.47054E+00
    0.63605E-03    0.47506E+00
    0.64244E-03    0.47962E+00
    0.64890E-03    0.48423E+00
    0.65542E-03    0.48887E+00
    0.66201E-03    0.49357E+00
    0.66866E-03    0.49830E+00
    0.67538E-03    0.50308E+00
    0.68217E-03    0.50791E+00
    0.68902E-03    0.51278E+00
    0.69595E-03    0.51770E+00
    0.70294E-03    0.52267E+00
    0.71001E-03    0.52768E+00
    0.71714E-03    0.53274E+00
    0.72435E-03    0.53785E+00
    0.73163E-03    0.54300E+00
    0.73898E-03    0.54821E+00
    0.74641E-03    0.55346E+00
    0.75391E-03    0.55877E+00
    0.76149E-03    0.56412E+00
    0.76914E-03    0.56952E+00
    0.77687E-03    0.57498E+00
    0.78468E-03    0.58049E+00
    0.79257E-03    0.58605E+00
    0.80053E-03    0.59166E+00
    0.80858E-03    0.59732E+00
    0.81670E-03    0.60304E+00
    0.82491E-03    0.60881E+00
    0.83320E-03    0.61464E+00
    0.84158E-03    0.62052E+00
    0.85003E-03    0.62645E+00
    0.85858E-03    0.63244E+00
    0.86721E-03    0.63849E+00
    0.87592E-03    0.64460E+00
    0.88473E-03    0.65076E+00
    0.89362E-03    0.65698E+00
    0.90260E-03    0.66325E+00
    0.91167E-03    0.66959E+00
    0.92083E-03    0.67599E+00
    0.93009E-03    0.68244E+00
    0.93943E-03    0.68896E+00
    0.94888E-03    0.69554E+00
    0.95841E-03    0.70217E+00
    0.96804E-03    0.70887E+00
    0.97777E-03    0.71564E+00
    0.98760E-03    0.72246E+00
    0.99753E-03    0.72935E+00
    0.10076E-02    0.73630E+00
    0.10177E-02    0.74332E+00
    0.10279E-02    0.75041E+00
    0.10382E-02    0.75755E+00
    0.10487E-02    0.76477E+00
    0.10592E-02    0.77205E+00
    0.10699E-02    0.77940E+00
    0.10806E-02    0.78682E+00
    0.10915E-02    0.79430E+00
    0.11024E-02    0.80186E+00
    0.11135E-02    0.80948E+00
    0.11247E-02    0.81718E+00
    0.11360E-02    0.82494E+00
    0.11474E-02    0.83278E+00
    0.11590E-02    0.84069E+00
    0.11706E-02    0.84867E+00
    0.11824E-02    0.85673E+00
    0.11943E-02    0.86486E+00
    0.12063E-02    0.87306E+00
    0.12184E-02    0.88134E+00
    0.12306E-02    0.88969E+00
    0.12430E-02    0.89812E+00
    0.12555E-02    0.90663E+00
    0.12681E-02    0.91521E+00
    0.12808E-02    0.92388E+00
    0.12937E-02    0.93262E+00
    0.13067E-02    0.94144E+00
    0.13199E-02    0.95034E+00
    0.13331E-02    0.95932E+00
    0.13465E-02    0.96838E+00
    0.13601E-02    0.97752E+00
    0.13737E-02    0.98675E+00
    0.13875E-02    0.99606E+00
    0.14015E-02    0.10055E+01
    0.14156E-02    0.10149E+01
    0.14298E-02    0.10245E+01
    0.14442E-02    0.10341E+01
    0.14587E-02    0.10439E+01
    0.14733E-02    0.10537E+01
    0.14881E-02    0.10636E+01
    0.15031E-02    0.10736E+01
    0.15182E-02    0.10837E+01
    0.15335E-02    0.10939E+01
    0.15489E-02    0.11041E+01
    0.15644E-02    0.11145E+01
    0.15802E-02    0.11249E+01
    0.15960E-02    0.11355E+01
    0.16121E-02    0.11461E+01
    0.16283E-02    0.11568E+01
    0.16446E-02    0.11676E+01
    0.16612E-02    0.11785E+01
    0.16779E-02    0.11895E+01
    0.16947E-02    0.12006E+01
    0.17118E-02    0.12118E+01
    0.17290E-02    0.12231E+01
    0.17463E-02    0.12345E+01
    0.17639E-02    0.12460E+01
    0.17816E-02    0.12576E+01
    0.17995E-02    0.12693E+01
    0.18176E-02    0.12811E+01
    0.18359E-02    0.12930E+01
    0.18543E-02    0.13049E+01
    0.18730E-02    0.13170E+01
    0.18918E-02    0.13292E+01
    0.19108E-02    0.13415E+01
    0.19300E-02    0.13539E+01
    0.19494E-02    0.13664E+01
    0.19690E-02    0.13790E+01
    0.19888E-02    0.13917E+01
    0.20088E-02    0.14046E+01
    0.20290E-02    0.14175E+01
    0.20493E-02    0.14305E+01
    0.20699E-02    0.14436E+01
    0.20907E-02    0.14569E+01
    0.21118E-02    0.14702E+01
    0.21330E-02    0.14837E+01
    0.21544E-02    0.14973E+01
    0.21761E-02    0.15110E+01
    0.21979E-02    0.15247E+01
    0.22200E-02    0.15386E+01
    0.22423E-02    0.15527E+01
    0.22649E-02    0.15668E+01
    0.22876E-02    0.15810E+01
    0.23106E-02    0.15954E+01
    0.23339E-02    0.16098E+01
    0.23573E-02    0.16244E+01
    0.23810E-02    0.16391E+01
    0.24049E-02    0.16539E+01
    0.24291E-02    0.16688E+01
    0.24535E-02    0.16838E+01
    0.24782E-02    0.16990E+01
    0.25031E-02    0.17142E+01
    0.25282E-02    0.17296E+01
    0.25536E-02    0.17451E+01
    0.25793E-02    0.17607E+01
    0.26052E-02    0.17764E+01
    0.26314E-02    0.17922E+01
    0.26579E-02    0.18082E+01
    0.26846E-02    0.18243E+01
    0.27116E-02    0.18404E+01
    0.27388E-02    0.18567E+01
    0.27663E-02    0.18732E+01
    0.27941E-02    0.18897E+01
    0.28222E-02    0.19063E+01
    0.28506E-02    0.19231E+01
    0.28792E-02    0.19400E+01
    0.29082E-02    0.19570E+01
    0.29374E-02    0.19741E+01
    0.29669E-02    0.19913E+01
    0.29967E-02    0.20087E+01
    0.30268E-02    0.20262E+01
    0.30573E-02    0.20437E+01
    0.30880E-02    0.20614E+01
    0.31190E-02    0.20793E+01
    0.31504E-02    0.20972E+01
    0.31820E-02    0.21152E+01
    0.32140E-02    0.21334E+01
    0.32463E-02    0.21517E+01
    0.32789E-02    0.21700E+01
    0.33119E-02    0.21885E+01
    0.33452E-02    0.22071E+01
    0.33788E-02    0.22259E+01
    0.34128E-02    0.22447E+01
    0.34471E-02    0.22636E+01
    0.34817E-02    0.22827E+01
    0.35167E-02    0.23019E+01
    0.35520E-02    0.23211E+01
    0.35877E-02    0.23405E+01
    0.36238E-02    0.23600E+01
    0.36602E-02    0.23796E+01
    0.36970E-02    0.23993E+01
    0.37342E-02    0.24191E+01
    0.37717E-02    0.24390E+01
    0.38096E-02    0.24590E+01
    0.38479E-02    0.24791E+01
    0.38866E-02    0.24993E+01
    0.39256E-02    0.25196E+01
    0.39651E-02    0.25400E+01
    0.40049E-02    0.25605E+01
    0.40452E-02    0.25811E+01
    0.40858E-02    0.26018E+01
    0.41269E-02    0.26226E+01
    0.41684E-02    0.26435E+01
    0.42102E-02    0.26644E+01
    0.42526E-02    0.26855E+01
    0.42953E-02    0.27066E+01
    0.43385E-02    0.27278E+01
    0.43821E-02    0.27491E+01
    0.44261E-02    0.27705E+01
    0.44706E-02    0.27919E+01
    0.45155E-02    0.28134E+01
    0.45609E-02    0.28350E+01
    0.46067E-02    0.28567E+01
    0.46530E-02    0.28784E+01
    0.46998E-02    0.29002E+01
    0.47470E-02    0.29221E+01
    0.47948E-02    0.29440E+01
    0.48429E-02    0.29660E+01
    0.48916E-02    0.29881E+01
    0.49408E-02    0.30102E+01
    0.49904E-02    0.30323E+01
    0.50406E-02    0.30545E+01
    0.50912E-02    0.30768E+01
    0.51424E-02    0.30991E+01
    0.51941E-02    0.31214E+01
    0.52463E-02    0.31438E+01
    0.52990E-02    0.31662E+01
    0.53523E-02    0.31886E+01
    0.54061E-02    0.32111E+01
    0.54604E-02    0.32336E+01
    0.55153E-02    0.32561E+01
    0.55707E-02    0.32786E+01
    0.56267E-02    0.33012E+01
    0.56832E-02    0.33237E+01
    0.57404E-02    0.33463E+01
    0.57981E-02    0.33689E+01
    0.58563E-02    0.33915E+01
    0.59152E-02    0.34141E+01
    0.59746E-02    0.34366E+01
    0.60347E-02    0.34592E+01
    0.60953E-02    0.34817E+01
    0.61566E-02    0.35043E+01
    0.62185E-02    0.35268E+01
    0.62810E-02    0.35493E+01
    0.63441E-02    0.35718E+01
    0.64078E-02    0.35942E+01
    0.64722E-02    0.36166E+01
    0.65373E-02    0.36390E+01
    0.66030E-02    0.36613E+01
    0.66693E-02    0.36836E+01
    0.67364E-02    0.37058E+01
    0.68041E-02    0.37279E+01
    0.68725E-02    0.37500E+01
    0.69415E-02    0.37721E+01
    0.70113E-02    0.37940E+01
    0.70818E-02    0.38159E+01
    0.71529E-02    0.38378E+01
    0.72248E-02    0.38595E+01
    0.72974E-02    0.38811E+01
    0.73708E-02    0.39027E+01
    0.74448E-02    0.39242E+01
    0.75197E-02    0.39455E+01
    0.75952E-02    0.39668E+01
    0.76716E-02    0.39879E+01
    0.77487E-02    0.40090E+01
    0.78266E-02    0.40299E+01
    0.79052E-02    0.40507E+01
    0.79847E-02    0.40714E+01
    0.80649E-02    0.40919E+01
    0.81460E-02    0.41123E+01
    0.82278E-02    0.41326E+01
    0.83105E-02    0.41527E+01
    0.83940E-02    0.41727E+01
    0.84784E-02    0.41925E+01
    0.85636E-02    0.42121E+01
    0.86497E-02    0.42316E+01
    0.87366E-02    0.42509E+01
    0.88244E-02    0.42700E+01
    0.89131E-02    0.42890E+01
    0.90027E-02    0.43077E+01
    0.90932E-02    0.43263E+01
    0.91845E-02    0.43447E+01
    0.92768E-02    0.43629E+01
    0.93701E-02    0.43809E+01
    0.94643E-02    0.43986E+01
    0.95594E-02    0.44162E+01
    0.96554E-02    0.44335E+01
    0.97525E-02    0.44506E+01
    0.98505E-02    0.44674E+01
    0.99495E-02    0.44841E+01
    0.10049E-01    0.45004E+01
    0.10150E-01    0.45166E+01
    0.10253E-01    0.45324E+01
    0.10356E-01    0.45480E+01
    0.10460E-01    0.45634E+01
    0.10565E-01    0.45784E+01
    0.10671E-01    0.45932E+01
    0.10778E-01    0.46077E+01
    0.10886E-01    0.46219E+01
    0.10996E-01    0.46358E+01
    0.11106E-01    0.46494E+01
    0.11218E-01    0.46627E+01
    0.11331E-01    0.46757E+01
    0.11445E-01    0.46884E+01
    0.11560E-01    0.47007E+01
    0.11676E-01    0.47127E+01
    0.11793E-01    0.47243E+01
    0.11912E-01    0.47356E+01
    0.12031E-01    0.47466E+01
    0.12152E-01    0.47572E+01
    0.12274E-01    0.47674E+01
    0.12398E-01    0.47772E+01
    0.12522E-01    0.47867E+01
    0.12648E-01    0.47957E+01
    0.12775E-01    0.48044E+01
    0.12904E-01    0.48126E+01
    0.13033E-01    0.48205E+01
    0.13164E-01    0.48279E+01
    0.13297E-01    0.48349E+01
    0.13430E-01    0.48415E+01
    0.13565E-01    0.48476E+01
    0.13702E-01    0.48533E+01
    0.13839E-01    0.48585E+01
    0.13979E-01    0.48633E+01
    0.14119E-01    0.48676E+01
    0.14261E-01    0.48715E+01
    0.14404E-01    0.48748E+01
    0.14549E-01    0.48777E+01
    0.14695E-01    0.48801E+01
    0.14843E-01    0.48820E+01
    0.14992E-01    0.48834E+01
    0.15143E-01    0.48843E+01
    0.15295E-01    0.48846E+01
    0.15449E-01    0.48845E+01
    0.15604E-01    0.48838E+01
    0.15761E-01    0.48826E+01
    0.15919E-01    0.48808E+01
    0.16079E-01    0.48785E+01
    0.16241E-01    0.48756E+01
    0.16404E-01    0.48722E+01
    0.16569E-01    0.48683E+01
    0.16735E-01    0.48637E+01
    0.16904E-01    0.48587E+01
    0.17073E-01    0.48530E+01
    0.17245E-01    0.48468E+01
    0.17418E-01    0.48400E+01
    0.17593E-01    0.48326E+01
    0.17770E-01    0.48246E+01
    0.17949E-01    0.48161E+01
    0.18129E-01    0.48069E+01
    0.18311E-01    0.47972E+01
    0.18495E-01    0.47869E+01
    0.18681E-01    0.47760E+01
    0.18869E-01    0.47644E+01
    0.19059E-01    0.47523E+01
    0.19250E-01    0.47396E+01
    0.19444E-01    0.47263E+01
    0.19639E-01    0.47124E+01
    0.19836E-01    0.46979E+01
    0.20036E-01    0.46828E+01
    0.20237E-01    0.46671E+01
    0.20441E-01    0.46508E+01
    0.20646E-01    0.46339E+01
    0.20853E-01    0.46164E+01
    0.21063E-01    0.45984E+01
    0.21275E-01    0.45797E+01
    0.21489E-01    0.45605E+01
    0.21705E-01    0.45407E+01
    0.21923E-01    0.45203E+01
    0.22143E-01    0.44993E+01
    0.22366E-01    0.44778E+01
    0.22590E-01    0.44557E+01
    0.22817E-01    0.44331E+01
    0.23047E-01    0.44099E+01
    0.23278E-01    0.43862E+01
    0.23512E-01    0.43619E+01
    0.23749E-01    0.43371E+01
    0.23987E-01    0.43119E+01
    0.24228E-01    0.42861E+01
    0.24472E-01    0.42598E+01
    0.24718E-01    0.42331E+01
    0.24966E-01    0.42058E+01
    0.25217E-01    0.41782E+01
    0.25471E-01    0.41500E+01
    0.25727E-01    0.41215E+01
    0.25985E-01    0.40925E+01
    0.26246E-01    0.40631E+01
    0.26510E-01    0.40334E+01
    0.26776E-01    0.40032E+01
    0.27046E-01    0.39727E+01
    0.27317E-01    0.39419E+01
    0.27592E-01    0.39107E+01
    0.27869E-01    0.38793E+01
    0.28149E-01    0.38475E+01
    0.28432E-01    0.38155E+01
    0.28718E-01    0.37832E+01
    0.29007E-01    0.37507E+01
    0.29298E-01    0.37180E+01
    0.29593E-01    0.36851E+01
    0.29890E-01    0.36520E+01
    0.30190E-01    0.36188E+01
    0.30494E-01    0.35854E+01
    0.30800E-01    0.35520E+01
    0.31110E-01    0.35184E+01
    0.31422E-01    0.34848E+01
    0.31738E-01    0.34512E+01
    0.32057E-01    0.34175E+01
    0.32379E-01    0.33839E+01
    0.32705E-01    0.33503E+01
    0.33033E-01    0.33167E+01
    0.33365E-01    0.32832E+01
    0.33701E-01    0.32499E+01
    0.34039E-01    0.32166E+01
    0.34382E-01    0.31835E+01
    0.34727E-01    0.31506E+01
    0.35076E-01    0.31177E+01
    0.35429E-01    0.30847E+01
    0.35785E-01    0.30520E+01
    0.36144E-01    0.30195E+01
    0.36508E-01    0.29872E+01
    0.36875E-01    0.29553E+01
    0.37245E-01    0.29237E+01
    0.37619E-01    0.28925E+01
    0.37998E-01    0.28616E+01
    0.38379E-01    0.28311E+01
    0.38765E-01    0.28011E+01
    0.39155E-01    0.27715E+01
    0.39548E-01    0.27423E+01
    0.39946E-01    0.27137E+01
    0.40347E-01    0.26855E+01
    0.40753E-01    0.26578E+01
    0.41162E-01    0.26307E+01
    0.41576E-01    0.26041E+01
    0.41994E-01    0.25780E+01
    0.42416E-01    0.25525E+01
    0.42842E-01    0.25275E+01
    0.43273E-01    0.25030E+01
    0.43708E-01    0.24792E+01
    0.44147E-01    0.24558E+01
    0.44591E-01    0.24330E+01
    0.45039E-01    0.24108E+01
    0.45491E-01    0.23891E+01
    0.45949E-01    0.23679E+01
    0.46410E-01    0.23472E+01
    0.46877E-01    0.23271E+01
    0.47348E-01    0.23074E+01
    0.47824E-01    0.22882E+01
    0.48304E-01    0.22695E+01
    0.48790E-01    0.22512E+01
    0.49280E-01    0.22334E+01
    0.49775E-01    0.22159E+01
    0.50276E-01    0.21989E+01
    0.50781E-01    0.21822E+01
    0.51291E-01    0.21660E+01
    0.51807E-01    0.21502E+01
    0.52327E-01    0.21348E+01
    0.52853E-01    0.21198E+01
    0.53385E-01    0.21050E+01
    0.53921E-01    0.20904E+01
    0.54463E-01    0.20761E+01
    0.55010E-01    0.20620E+01
    0.55563E-01    0.20480E+01
    0.56122E-01    0.20342E+01
    0.56686E-01    0.20205E+01
    0.57255E-01    0.20107E+01
    0.57831E-01    0.19973E+01
    0.58412E-01    0.19839E+01
    0.58999E-01    0.19704E+01
    0.59592E-01    0.19569E+01
    0.60191E-01    0.19432E+01
    0.60796E-01    0.19293E+01
    0.61407E-01    0.19153E+01
    0.62024E-01    0.19010E+01
    0.62647E-01    0.18865E+01
    0.63277E-01    0.18716E+01
    0.63913E-01    0.18564E+01
    0.64555E-01    0.18408E+01
    0.65204E-01    0.18247E+01
    0.65859E-01    0.18083E+01
    0.66521E-01    0.17914E+01
    0.67190E-01    0.17739E+01
    0.67865E-01    0.17560E+01
    0.68547E-01    0.17375E+01
    0.69236E-01    0.17185E+01
    0.69932E-01    0.16989E+01
    0.70635E-01    0.16788E+01
    0.71345E-01    0.16581E+01
    0.72062E-01    0.16369E+01
    0.72786E-01    0.16152E+01
    0.73517E-01    0.15929E+01
    0.74256E-01    0.15702E+01
    0.75002E-01    0.15470E+01
    0.75756E-01    0.15234E+01
    0.76518E-01    0.14995E+01
    0.77287E-01    0.14751E+01
    0.78063E-01    0.14505E+01
    0.78848E-01    0.14257E+01
    0.79640E-01    0.14007E+01
    0.80441E-01    0.13756E+01
    0.81249E-01    0.13504E+01
    0.82066E-01    0.13252E+01
    0.82891E-01    0.13000E+01
    0.83724E-01    0.12750E+01
    0.84565E-01    0.12501E+01
    0.85415E-01    0.12256E+01
    0.86273E-01    0.12013E+01
    0.87141E-01    0.11774E+01
    0.88016E-01    0.11539E+01
    0.88901E-01    0.11310E+01
    0.89794E-01    0.11086E+01
    0.90697E-01    0.10868E+01
    0.91608E-01    0.10657E+01
    0.92529E-01    0.10453E+01
    0.93459E-01    0.10256E+01
    0.94398E-01    0.10068E+01
    0.95347E-01    0.98868E+00
    0.96305E-01    0.97143E+00
    0.97273E-01    0.95503E+00
    0.98251E-01    0.93947E+00
    0.99238E-01    0.92476E+00
    0.10024E+00    0.91089E+00
    0.10124E+00    0.89784E+00
    0.10226E+00    0.88559E+00
    0.10329E+00    0.87413E+00
    0.10433E+00    0.86340E+00
    0.10537E+00    0.85338E+00
    0.10643E+00    0.84402E+00
    0.10750E+00    0.83527E+00
    0.10858E+00    0.82707E+00
    0.10968E+00    0.81936E+00
    0.11078E+00    0.81207E+00
    0.11189E+00    0.80512E+00
    0.11302E+00    0.79845E+00
    0.11415E+00    0.79195E+00
    0.11530E+00    0.78553E+00
    0.11646E+00    0.77911E+00
    0.11763E+00    0.77257E+00
    0.11881E+00    0.76584E+00
    0.12000E+00    0.75882E+00
    0.12121E+00    0.75141E+00
    0.12243E+00    0.74356E+00
    0.12366E+00    0.73519E+00
    0.12490E+00    0.72627E+00
    0.12616E+00    0.71677E+00
    0.12742E+00    0.70667E+00
    0.12870E+00    0.69600E+00
    0.13000E+00    0.68476E+00
    0.13130E+00    0.67301E+00
    0.13262E+00    0.66079E+00
    0.13396E+00    0.64817E+00
    0.13530E+00    0.63520E+00
    0.13666E+00    0.62196E+00
    0.13804E+00    0.60851E+00
    0.13942E+00    0.59494E+00
    0.14083E+00    0.58132E+00
    0.14224E+00    0.56772E+00
    0.14367E+00    0.55424E+00
    0.14511E+00    0.54095E+00
    0.14657E+00    0.52795E+00
    0.14805E+00    0.51532E+00
    0.14953E+00    0.50315E+00
    0.15104E+00    0.49152E+00
    0.15255E+00    0.48051E+00
    0.15409E+00    0.47017E+00
    0.15564E+00    0.46053E+00
    0.15720E+00    0.45162E+00
    0.15878E+00    0.44343E+00
    0.16038E+00    0.43594E+00
    0.16199E+00    0.42910E+00
    0.16362E+00    0.42287E+00
    0.16526E+00    0.41717E+00
    0.16692E+00    0.41193E+00
    0.16860E+00    0.40708E+00
    0.17029E+00    0.40253E+00
    0.17200E+00    0.39822E+00
    0.17373E+00    0.39404E+00
    0.17548E+00    0.38993E+00
    0.17724E+00    0.38579E+00
    0.17902E+00    0.38154E+00
    0.18082E+00    0.37710E+00
    0.18264E+00    0.37239E+00
    0.18448E+00    0.36736E+00
    0.18633E+00    0.36195E+00
    0.18820E+00    0.35616E+00
    0.19009E+00    0.34997E+00
    0.19201E+00    0.34342E+00
    0.19393E+00    0.33654E+00
    0.19588E+00    0.32940E+00
    0.19785E+00    0.32206E+00
    0.19984E+00    0.31460E+00
    0.20185E+00    0.30710E+00
    0.20388E+00    0.29963E+00
    0.20593E+00    0.29228E+00
    0.20800E+00    0.28511E+00
    0.21009E+00    0.27821E+00
    0.21220E+00    0.27164E+00
    0.21433E+00    0.26546E+00
    0.21649E+00    0.25972E+00
    0.21866E+00    0.25442E+00
    0.22086E+00    0.24958E+00
    0.22308E+00    0.24517E+00
    0.22532E+00    0.24114E+00
    0.22758E+00    0.23744E+00
    0.22987E+00    0.23400E+00
    0.23218E+00    0.23075E+00
    0.23452E+00    0.22762E+00
    0.23687E+00    0.22454E+00
    0.23925E+00    0.22146E+00
    0.24166E+00    0.21831E+00
    0.24409E+00    0.21505E+00
    0.24654E+00    0.21162E+00
    0.24902E+00    0.20801E+00
    0.25152E+00    0.20419E+00
    0.25405E+00    0.20018E+00
    0.25660E+00    0.19600E+00
    0.25918E+00    0.19170E+00
    0.26178E+00    0.18733E+00
    0.26442E+00    0.18297E+00
    0.26707E+00    0.17866E+00
    0.26976E+00    0.17447E+00
    0.27247E+00    0.17043E+00
    0.27521E+00    0.16658E+00
    0.27797E+00    0.16295E+00
    0.28077E+00    0.15955E+00
    0.28359E+00    0.15640E+00
    0.28644E+00    0.15347E+00
    0.28932E+00    0.15074E+00
    0.29222E+00    0.14817E+00
    0.29516E+00    0.14572E+00
    0.29813E+00    0.14334E+00
    0.30112E+00    0.14098E+00
    0.30415E+00    0.13861E+00
    0.30721E+00    0.13619E+00
    0.31029E+00    0.13370E+00
    0.31341E+00    0.13113E+00
    0.31656E+00    0.12849E+00
    0.31974E+00    0.12578E+00
    0.32296E+00    0.12303E+00
    0.32620E+00    0.12029E+00
    0.32948E+00    0.11758E+00
    0.33279E+00    0.11493E+00
    0.33614E+00    0.11238E+00
    0.33952E+00    0.10993E+00
    0.34293E+00    0.10761E+00
    0.34638E+00    0.10541E+00
    0.34986E+00    0.10333E+00
    0.35337E+00    0.10135E+00
    0.35692E+00    0.99460E-01
    0.36051E+00    0.97618E-01
    0.36413E+00    0.95800E-01
    0.36779E+00    0.93989E-01
    0.37149E+00    0.92171E-01
    0.37522E+00    0.90338E-01
    0.37899E+00    0.88489E-01
    0.38280E+00    0.86624E-01
    0.38665E+00    0.84755E-01
    0.39054E+00    0.82900E-01
    0.39446E+00    0.81080E-01
    0.39843E+00    0.79310E-01
    0.40243E+00    0.77598E-01
    0.40647E+00    0.75951E-01
    0.41056E+00    0.74371E-01
    0.41469E+00    0.72854E-01
    0.41885E+00    0.71389E-01
    0.42306E+00    0.69964E-01
    0.42732E+00    0.68564E-01
    0.43161E+00    0.67180E-01
    0.43595E+00    0.65807E-01
    0.44033E+00    0.64440E-01
    0.44475E+00    0.63077E-01
    0.44922E+00    0.61724E-01
    0.45374E+00    0.60386E-01
    0.45830E+00    0.59075E-01
    0.46291E+00    0.57797E-01
    0.46756E+00    0.56554E-01
    0.47226E+00    0.55348E-01
    0.47700E+00    0.54179E-01
    0.48180E+00    0.53044E-01
    0.48664E+00    0.51938E-01
    0.49153E+00    0.50853E-01
    0.49647E+00    0.49784E-01
    0.50146E+00    0.48730E-01
    0.50650E+00    0.47689E-01
    0.51159E+00    0.46661E-01
    0.51673E+00    0.45648E-01
    0.52192E+00    0.44656E-01
    0.52717E+00    0.43686E-01
    0.53247E+00    0.42740E-01
    0.53782E+00    0.41817E-01
    0.54322E+00    0.40918E-01
    0.54868E+00    0.40041E-01
    0.55420E+00    0.39182E-01
    0.55977E+00    0.38338E-01
    0.56539E+00    0.37510E-01
    0.57108E+00    0.36696E-01
    0.57681E+00    0.35896E-01
    0.58261E+00    0.35110E-01
    0.58847E+00    0.34341E-01
    0.59438E+00    0.33589E-01
    0.60036E+00    0.32854E-01
    0.60639E+00    0.32136E-01
    0.61248E+00    0.31435E-01
    0.61864E+00    0.30748E-01
    0.62486E+00    0.30075E-01
    0.63114E+00    0.29415E-01
    0.63748E+00    0.28768E-01
    0.64389E+00    0.28134E-01
    0.65036E+00    0.27512E-01
    0.65689E+00    0.26904E-01
    0.66350E+00    0.26309E-01
    0.67016E+00    0.25727E-01
    0.67690E+00    0.25158E-01
    0.68370E+00    0.24602E-01
    0.69057E+00    0.24056E-01
    0.69751E+00    0.23522E-01
    0.70452E+00    0.22999E-01
    0.71160E+00    0.22486E-01
    0.71876E+00    0.21985E-01
    0.72598E+00    0.21495E-01
    0.73328E+00    0.21014E-01
    0.74065E+00    0.20545E-01
    0.74809E+00    0.20085E-01
    0.75561E+00    0.19635E-01
    0.76320E+00    0.19195E-01
    0.77087E+00    0.18764E-01
    0.77862E+00    0.18342E-01
    0.78644E+00    0.17929E-01
    0.79435E+00    0.17525E-01
    0.80233E+00    0.17130E-01
    0.81039E+00    0.16744E-01
    0.81854E+00    0.16366E-01
    0.82677E+00    0.15996E-01
    0.83508E+00    0.15634E-01
    0.84347E+00    0.15280E-01
    0.85194E+00    0.14933E-01
    0.86051E+00    0.14594E-01
    0.86916E+00    0.14263E-01
    0.87789E+00    0.13938E-01
    0.88671E+00    0.13621E-01
    0.89563E+00    0.13311E-01
    0.90463E+00    0.13007E-01
    0.91372E+00    0.12711E-01
    0.92290E+00    0.12420E-01
    0.93218E+00    0.12136E-01
    0.94155E+00    0.11859E-01
    0.95101E+00    0.11587E-01
    0.96057E+00    0.11322E-01
    0.97022E+00    0.11062E-01
    0.97997E+00    0.10808E-01
    0.98982E+00    0.10559E-01
    0.99977E+00    0.10316E-01
    0.10098E+01    0.10079E-01
    0.10200E+01    0.98464E-02
    0.10302E+01    0.96191E-02
    0.10406E+01    0.93970E-02
    0.10510E+01    0.91798E-02
    0.10616E+01    0.89675E-02
    0.10723E+01    0.87599E-02
    0.10830E+01    0.85569E-02
    0.10939E+01    0.83585E-02
    0.11049E+01    0.81645E-02
    0.11160E+01    0.79749E-02
    0.11272E+01    0.77896E-02
    0.11386E+01    0.76083E-02
    0.11500E+01    0.74313E-02
    0.11616E+01    0.72581E-02
    0.11732E+01    0.70889E-02
    0.11850E+01    0.69234E-02
    0.11969E+01    0.67618E-02
    0.12090E+01    0.66037E-02
    0.12211E+01    0.64492E-02
    0.12334E+01    0.62983E-02
    0.12458E+01    0.61507E-02
    0.12583E+01    0.60065E-02
    0.12710E+01    0.58655E-02
    0.12837E+01    0.57277E-02
    0.12966E+01    0.55931E-02
    0.13097E+01    0.54615E-02
    0.13228E+01    0.53329E-02
    0.13361E+01    0.52073E-02
    0.13495E+01    0.50845E-02
    0.13631E+01    0.49646E-02
    0.13768E+01    0.48473E-02
    0.13906E+01    0.47328E-02
    0.14046E+01    0.46209E-02
    0.14187E+01    0.45116E-02
    0.14330E+01    0.44048E-02
    0.14474E+01    0.43004E-02
    0.14619E+01    0.41984E-02
    0.14766E+01    0.40988E-02
    0.14915E+01    0.40015E-02
    0.15065E+01    0.39064E-02
    0.15216E+01    0.38135E-02
    0.15369E+01    0.37228E-02
    0.15523E+01    0.36341E-02
    0.15679E+01    0.35475E-02
    0.15837E+01    0.34629E-02
    0.15996E+01    0.33803E-02
    0.16157E+01    0.32996E-02
    0.16319E+01    0.32207E-02
    0.16483E+01    0.31437E-02
    0.16649E+01    0.30685E-02
    0.16816E+01    0.29950E-02
    0.16985E+01    0.29232E-02
    0.17156E+01    0.28532E-02
    0.17328E+01    0.27847E-02
    0.17503E+01    0.27179E-02
    0.17679E+01    0.26526E-02
    0.17856E+01    0.25888E-02
    0.18036E+01    0.25265E-02
    0.18217E+01    0.24657E-02
    0.18400E+01    0.24064E-02
    0.18585E+01    0.23484E-02
    0.18772E+01    0.22917E-02
    0.18960E+01    0.22365E-02
    0.19151E+01    0.21825E-02
    0.19343E+01    0.21297E-02
    0.19538E+01    0.20782E-02
    0.19734E+01    0.20280E-02
    0.19933E+01    0.19789E-02
    0.20133E+01    0.19310E-02
    0.20335E+01    0.18842E-02
    0.20540E+01    0.18385E-02
    0.20746E+01    0.17939E-02
    0.20954E+01    0.17503E-02
    0.21165E+01    0.17078E-02
    0.21378E+01    0.16663E-02
    0.21593E+01    0.16258E-02
    0.21810E+01    0.15862E-02
    0.22029E+01    0.15476E-02
    0.22250E+01    0.15099E-02
    0.22474E+01    0.14731E-02
    0.22700E+01    0.14371E-02
    0.22928E+01    0.14021E-02
    0.23158E+01    0.13678E-02
    0.23391E+01    0.13344E-02
    0.23626E+01    0.13018E-02
    0.23864E+01    0.12699E-02
    0.24103E+01    0.12389E-02
    0.24346E+01    0.12085E-02
    0.24590E+01    0.11789E-02
    0.24837E+01    0.11500E-02
    0.25087E+01    0.11218E-02
    0.25339E+01    0.10943E-02
    0.25594E+01    0.10674E-02
    0.25851E+01    0.10412E-02
    0.26111E+01    0.10156E-02
    0.26373E+01    0.99062E-03
    0.26638E+01    0.96624E-03
    0.26906E+01    0.94245E-03
    0.27176E+01    0.91924E-03
    0.27450E+01    0.89658E-03
    0.27725E+01    0.87447E-03
    0.28004E+01    0.85289E-03
    0.28286E+01    0.83184E-03
    0.28570E+01    0.81129E-03
    0.28857E+01    0.79125E-03
    0.29147E+01    0.77168E-03
    0.29440E+01    0.75260E-03
    0.29736E+01    0.73397E-03
    0.30035E+01    0.71580E-03
    0.30337E+01    0.69807E-03
    0.30641E+01    0.68077E-03
    0.30949E+01    0.66389E-03
    0.31260E+01    0.64742E-03
    0.31575E+01    0.63135E-03
    0.31892E+01    0.61567E-03
    0.32212E+01    0.60037E-03
    0.32536E+01    0.58545E-03
    0.32863E+01    0.57088E-03
    0.33193E+01    0.55668E-03
    0.33527E+01    0.54282E-03
    0.33864E+01    0.52930E-03
    0.34204E+01    0.51611E-03
    0.34548E+01    0.50325E-03
    0.34895E+01    0.49070E-03
    0.35246E+01    0.47845E-03
    0.35600E+01    0.46651E-03
    0.35958E+01    0.45486E-03
    0.36319E+01    0.44349E-03
    0.36684E+01    0.43241E-03
    0.37053E+01    0.42159E-03
    0.37425E+01    0.41104E-03
    0.37802E+01    0.40075E-03
    0.38182E+01    0.39071E-03
    0.38565E+01    0.38093E-03
    0.38953E+01    0.37138E-03
    0.39344E+01    0.36206E-03
    0.39740E+01    0.35298E-03
    0.40139E+01    0.34412E-03
    0.40543E+01    0.33548E-03
    0.40950E+01    0.32705E-03
    0.41362E+01    0.31883E-03
    0.41777E+01    0.31082E-03
    0.42197E+01    0.30300E-03
    0.42621E+01    0.29537E-03
    0.43050E+01    0.28794E-03
    0.43482E+01    0.28068E-03
    0.43919E+01    0.27361E-03
    0.44361E+01    0.26671E-03
    0.44806E+01    0.25999E-03
    0.45257E+01    0.25343E-03
    0.45712E+01    0.24703E-03
    0.46171E+01    0.24080E-03
    0.46635E+01    0.23471E-03
    0.47104E+01    0.22878E-03
    0.47577E+01    0.22300E-03
    0.48055E+01    0.21736E-03
    0.48538E+01    0.21186E-03
    0.49026E+01    0.20649E-03
    0.49519E+01    0.20127E-03
    0.50016E+01    0.19617E-03
    0.50519E+01    0.19120E-03
    0.51027E+01    0.18635E-03
    0.51540E+01    0.18162E-03
    0.52058E+01    0.17701E-03
    0.52581E+01    0.17252E-03
    0.53109E+01    0.16814E-03
    0.53643E+01    0.16387E-03
    0.54182E+01    0.15970E-03
    0.54727E+01    0.15564E-03
    0.55277E+01    0.15169E-03
    0.55832E+01    0.14783E-03
    0.56393E+01    0.14406E-03
    0.56960E+01    0.14040E-03
    0.57533E+01    0.13682E-03
    0.58111E+01    0.13333E-03
    0.58695E+01    0.12994E-03
    0.59285E+01    0.12662E-03
    0.59881E+01    0.12339E-03
    0.60482E+01    0.12024E-03
    0.61090E+01    0.11717E-03
    0.61704E+01    0.11418E-03
    0.62324E+01    0.11127E-03
    0.62951E+01    0.10842E-03
    0.63583E+01    0.10565E-03
    0.64222E+01    0.10295E-03
    0.64868E+01    0.10032E-03
    0.65520E+01    0.97748E-04
    0.66178E+01    0.95245E-04
    0.66843E+01    0.92806E-04
    0.67515E+01    0.90428E-04
    0.68194E+01    0.88111E-04
    0.68879E+01    0.85852E-04
    0.69571E+01    0.83650E-04
    0.70270E+01    0.81504E-04
    0.70977E+01    0.79412E-04
    0.71690E+01    0.77374E-04
    0.72411E+01    0.75387E-04
    0.73138E+01    0.73450E-04
    0.73873E+01    0.71562E-04
    0.74616E+01    0.69722E-04
    0.75366E+01    0.67929E-04
    0.76123E+01    0.66182E-04
    0.76888E+01    0.64479E-04
    0.77661E+01    0.62819E-04
    0.78441E+01    0.61201E-04
    0.79230E+01    0.59625E-04
    0.80026E+01    0.58088E-04
    0.80830E+01    0.56591E-04
    0.81643E+01    0.55132E-04
    0.82463E+01    0.53710E-04
    0.83292E+01    0.52324E-04
    0.84129E+01    0.50973E-04
    0.84975E+01    0.49657E-04
    0.85829E+01    0.48375E-04
    0.86691E+01    0.47125E-04
    0.87562E+01    0.45907E-04
    0.88442E+01    0.44721E-04
    0.89331E+01    0.43564E-04
    0.90229E+01    0.42437E-04
    0.91136E+01    0.41339E-04
    0.92052E+01    0.40269E-04
    0.92977E+01    0.39226E-04
    0.93911E+01    0.38211E-04
    0.94855E+01    0.37221E-04
    0.95809E+01    0.36256E-04
    0.96771E+01    0.35316E-04
    0.97744E+01    0.34400E-04
    0.98726E+01    0.33508E-04
    0.99719E+01    0.32638E-04
    0.10072E+02    0.31791E-04
