    0.10027E-04    0.82878E+00
    0.10128E-04    0.83677E+00
    0.10230E-04    0.84484E+00
    0.10332E-04    0.85299E+00
    0.10436E-04    0.86122E+00
    0.10541E-04    0.86953E+00
    0.10647E-04    0.87792E+00
    0.10754E-04    0.88638E+00
    0.10862E-04    0.89493E+00
    0.10971E-04    0.90357E+00
    0.11082E-04    0.91228E+00
    0.11193E-04    0.92108E+00
    0.11305E-04    0.92997E+00
    0.11419E-04    0.93894E+00
    0.11534E-04    0.94800E+00
    0.11650E-04    0.95714E+00
    0.11767E-04    0.96637E+00
    0.11885E-04    0.97569E+00
    0.12004E-04    0.98511E+00
    0.12125E-04    0.99461E+00
    0.12247E-04    0.10042E+01
    0.12370E-04    0.10139E+01
    0.12494E-04    0.10237E+01
    0.12620E-04    0.10335E+01
    0.12747E-04    0.10435E+01
    0.12875E-04    0.10536E+01
    0.13004E-04    0.10637E+01
    0.13135E-04    0.10740E+01
    0.13267E-04    0.10844E+01
    0.13400E-04    0.10948E+01
    0.13535E-04    0.11054E+01
    0.13671E-04    0.11160E+01
    0.13808E-04    0.11268E+01
    0.13947E-04    0.11377E+01
    0.14087E-04    0.11487E+01
    0.14229E-04    0.11597E+01
    0.14372E-04    0.11709E+01
    0.14516E-04    0.11822E+01
    0.14662E-04    0.11936E+01
    0.14810E-04    0.12051E+01
    0.14958E-04    0.12168E+01
    0.15109E-04    0.12285E+01
    0.15261E-04    0.12403E+01
    0.15414E-04    0.12523E+01
    0.15569E-04    0.12644E+01
    0.15725E-04    0.12766E+01
    0.15883E-04    0.12889E+01
    0.16043E-04    0.13013E+01
    0.16204E-04    0.13139E+01
    0.16367E-04    0.13266E+01
    0.16532E-04    0.13394E+01
    0.16698E-04    0.13523E+01
    0.16866E-04    0.13653E+01
    0.17035E-04    0.13785E+01
    0.17206E-04    0.13918E+01
    0.17379E-04    0.14052E+01
    0.17554E-04    0.14188E+01
    0.17730E-04    0.14325E+01
    0.17909E-04    0.14463E+01
    0.18089E-04    0.14602E+01
    0.18270E-04    0.14743E+01
    0.18454E-04    0.14885E+01
    0.18639E-04    0.15029E+01
    0.18827E-04    0.15174E+01
    0.19016E-04    0.15320E+01
    0.19207E-04    0.15468E+01
    0.19400E-04    0.15617E+01
    0.19595E-04    0.15768E+01
    0.19792E-04    0.15920E+01
    0.19991E-04    0.16074E+01
    0.20192E-04    0.16229E+01
    0.20395E-04    0.16385E+01
    0.20600E-04    0.16543E+01
    0.20807E-04    0.16703E+01
    0.21016E-04    0.16864E+01
    0.21227E-04    0.17027E+01
    0.21440E-04    0.17191E+01
    0.21656E-04    0.17357E+01
    0.21874E-04    0.17524E+01
    0.22093E-04    0.17693E+01
    0.22315E-04    0.17864E+01
    0.22540E-04    0.18036E+01
    0.22766E-04    0.18210E+01
    0.22995E-04    0.18386E+01
    0.23226E-04    0.18563E+01
    0.23460E-04    0.18742E+01
    0.23695E-04    0.18923E+01
    0.23933E-04    0.19105E+01
    0.24174E-04    0.19290E+01
    0.24417E-04    0.19476E+01
    0.24662E-04    0.19664E+01
    0.24910E-04    0.19853E+01
    0.25161E-04    0.20045E+01
    0.25413E-04    0.20238E+01
    0.25669E-04    0.20433E+01
    0.25927E-04    0.20631E+01
    0.26187E-04    0.20830E+01
    0.26451E-04    0.21030E+01
    0.26716E-04    0.21233E+01
    0.26985E-04    0.21438E+01
    0.27256E-04    0.21645E+01
    0.27530E-04    0.21854E+01
    0.27807E-04    0.22064E+01
    0.28086E-04    0.22277E+01
    0.28368E-04    0.22492E+01
    0.28654E-04    0.22709E+01
    0.28942E-04    0.22928E+01
    0.29232E-04    0.23149E+01
    0.29526E-04    0.23373E+01
    0.29823E-04    0.23598E+01
    0.30123E-04    0.23826E+01
    0.30425E-04    0.24056E+01
    0.30731E-04    0.24288E+01
    0.31040E-04    0.24522E+01
    0.31352E-04    0.24758E+01
    0.31667E-04    0.24997E+01
    0.31985E-04    0.25238E+01
    0.32307E-04    0.25482E+01
    0.32631E-04    0.25728E+01
    0.32959E-04    0.25976E+01
    0.33291E-04    0.26226E+01
    0.33625E-04    0.26479E+01
    0.33963E-04    0.26735E+01
    0.34305E-04    0.26993E+01
    0.34649E-04    0.27253E+01
    0.34998E-04    0.27516E+01
    0.35349E-04    0.27781E+01
    0.35705E-04    0.28049E+01
    0.36063E-04    0.28320E+01
    0.36426E-04    0.28593E+01
    0.36792E-04    0.28869E+01
    0.37162E-04    0.29147E+01
    0.37535E-04    0.29428E+01
    0.37912E-04    0.29712E+01
    0.38293E-04    0.29999E+01
    0.38678E-04    0.30288E+01
    0.39067E-04    0.30580E+01
    0.39460E-04    0.30875E+01
    0.39856E-04    0.31173E+01
    0.40257E-04    0.31474E+01
    0.40661E-04    0.31777E+01
    0.41070E-04    0.32084E+01
    0.41483E-04    0.32393E+01
    0.41900E-04    0.32706E+01
    0.42321E-04    0.33021E+01
    0.42746E-04    0.33340E+01
    0.43176E-04    0.33661E+01
    0.43610E-04    0.33986E+01
    0.44048E-04    0.34314E+01
    0.44491E-04    0.34645E+01
    0.44938E-04    0.34979E+01
    0.45389E-04    0.35316E+01
    0.45846E-04    0.35657E+01
    0.46306E-04    0.36001E+01
    0.46772E-04    0.36348E+01
    0.47242E-04    0.36699E+01
    0.47717E-04    0.37053E+01
    0.48196E-04    0.37410E+01
    0.48680E-04    0.37771E+01
    0.49170E-04    0.38135E+01
    0.49664E-04    0.38503E+01
    0.50163E-04    0.38875E+01
    0.50667E-04    0.39250E+01
    0.51176E-04    0.39628E+01
    0.51691E-04    0.40010E+01
    0.52210E-04    0.40396E+01
    0.52735E-04    0.40786E+01
    0.53265E-04    0.41179E+01
    0.53800E-04    0.41576E+01
    0.54341E-04    0.41977E+01
    0.54887E-04    0.42382E+01
    0.55439E-04    0.42791E+01
    0.55996E-04    0.43204E+01
    0.56559E-04    0.43621E+01
    0.57127E-04    0.44041E+01
    0.57701E-04    0.44466E+01
    0.58281E-04    0.44895E+01
    0.58867E-04    0.45328E+01
    0.59458E-04    0.45765E+01
    0.60056E-04    0.46207E+01
    0.60660E-04    0.46652E+01
    0.61269E-04    0.47102E+01
    0.61885E-04    0.47556E+01
    0.62507E-04    0.48015E+01
    0.63135E-04    0.48478E+01
    0.63770E-04    0.48946E+01
    0.64411E-04    0.49418E+01
    0.65058E-04    0.49895E+01
    0.65712E-04    0.50376E+01
    0.66372E-04    0.50862E+01
    0.67039E-04    0.51352E+01
    0.67713E-04    0.51847E+01
    0.68393E-04    0.52348E+01
    0.69081E-04    0.52852E+01
    0.69775E-04    0.53362E+01
    0.70476E-04    0.53877E+01
    0.71185E-04    0.54396E+01
    0.71900E-04    0.54921E+01
    0.72623E-04    0.55451E+01
    0.73353E-04    0.55986E+01
    0.74090E-04    0.56525E+01
    0.74834E-04    0.57071E+01
    0.75586E-04    0.57621E+01
    0.76346E-04    0.58177E+01
    0.77113E-04    0.58738E+01
    0.77888E-04    0.59304E+01
    0.78671E-04    0.59876E+01
    0.79462E-04    0.60454E+01
    0.80260E-04    0.61037E+01
    0.81067E-04    0.61625E+01
    0.81882E-04    0.62220E+01
    0.82705E-04    0.62820E+01
    0.83536E-04    0.63426E+01
    0.84376E-04    0.64037E+01
    0.85224E-04    0.64655E+01
    0.86080E-04    0.65278E+01
    0.86945E-04    0.65908E+01
    0.87819E-04    0.66543E+01
    0.88702E-04    0.67185E+01
    0.89593E-04    0.67833E+01
    0.90493E-04    0.68487E+01
    0.91403E-04    0.69148E+01
    0.92322E-04    0.69814E+01
    0.93249E-04    0.70488E+01
    0.94187E-04    0.71167E+01
    0.95133E-04    0.71854E+01
    0.96089E-04    0.72547E+01
    0.97055E-04    0.73246E+01
    0.98030E-04    0.73953E+01
    0.99016E-04    0.74666E+01
    0.10001E-03    0.75386E+01
    0.10102E-03    0.76113E+01
    0.10203E-03    0.76846E+01
    0.10306E-03    0.77588E+01
    0.10409E-03    0.78336E+01
    0.10514E-03    0.79091E+01
    0.10620E-03    0.79854E+01
    0.10726E-03    0.80624E+01
    0.10834E-03    0.81401E+01
    0.10943E-03    0.82186E+01
    0.11053E-03    0.82978E+01
    0.11164E-03    0.83778E+01
    0.11276E-03    0.84586E+01
    0.11390E-03    0.85402E+01
    0.11504E-03    0.86225E+01
    0.11620E-03    0.87057E+01
    0.11736E-03    0.87896E+01
    0.11854E-03    0.88743E+01
    0.11973E-03    0.89599E+01
    0.12094E-03    0.90463E+01
    0.12215E-03    0.91335E+01
    0.12338E-03    0.92216E+01
    0.12462E-03    0.93105E+01
    0.12587E-03    0.94002E+01
    0.12714E-03    0.94909E+01
    0.12842E-03    0.95824E+01
    0.12971E-03    0.96747E+01
    0.13101E-03    0.97680E+01
    0.13233E-03    0.98622E+01
    0.13366E-03    0.99573E+01
    0.13500E-03    0.10053E+02
    0.13636E-03    0.10150E+02
    0.13773E-03    0.10248E+02
    0.13911E-03    0.10347E+02
    0.14051E-03    0.10447E+02
    0.14192E-03    0.10547E+02
    0.14335E-03    0.10649E+02
    0.14479E-03    0.10752E+02
    0.14624E-03    0.10855E+02
    0.14771E-03    0.10960E+02
    0.14920E-03    0.11065E+02
    0.15070E-03    0.11172E+02
    0.15221E-03    0.11280E+02
    0.15374E-03    0.11389E+02
    0.15529E-03    0.11498E+02
    0.15685E-03    0.11609E+02
    0.15842E-03    0.11721E+02
    0.16002E-03    0.11834E+02
    0.16162E-03    0.11948E+02
    0.16325E-03    0.12063E+02
    0.16489E-03    0.12179E+02
    0.16655E-03    0.12297E+02
    0.16822E-03    0.12415E+02
    0.16991E-03    0.12535E+02
    0.17162E-03    0.12656E+02
    0.17334E-03    0.12778E+02
    0.17509E-03    0.12901E+02
    0.17685E-03    0.13025E+02
    0.17862E-03    0.13151E+02
    0.18042E-03    0.13277E+02
    0.18223E-03    0.13405E+02
    0.18406E-03    0.13534E+02
    0.18591E-03    0.13665E+02
    0.18778E-03    0.13797E+02
    0.18967E-03    0.13929E+02
    0.19157E-03    0.14064E+02
    0.19350E-03    0.14199E+02
    0.19544E-03    0.14336E+02
    0.19741E-03    0.14474E+02
    0.19939E-03    0.14613E+02
    0.20140E-03    0.14754E+02
    0.20342E-03    0.14896E+02
    0.20547E-03    0.15040E+02
    0.20753E-03    0.15185E+02
    0.20962E-03    0.15331E+02
    0.21172E-03    0.15479E+02
    0.21385E-03    0.15628E+02
    0.21600E-03    0.15778E+02
    0.21817E-03    0.15930E+02
    0.22036E-03    0.16084E+02
    0.22258E-03    0.16238E+02
    0.22481E-03    0.16395E+02
    0.22707E-03    0.16553E+02
    0.22936E-03    0.16712E+02
    0.23166E-03    0.16873E+02
    0.23399E-03    0.17035E+02
    0.23634E-03    0.17199E+02
    0.23872E-03    0.17365E+02
    0.24112E-03    0.17532E+02
    0.24354E-03    0.17701E+02
    0.24599E-03    0.17871E+02
    0.24846E-03    0.18043E+02
    0.25096E-03    0.18217E+02
    0.25348E-03    0.18392E+02
    0.25603E-03    0.18569E+02
    0.25860E-03    0.18748E+02
    0.26120E-03    0.18929E+02
    0.26382E-03    0.19111E+02
    0.26647E-03    0.19295E+02
    0.26915E-03    0.19480E+02
    0.27186E-03    0.19668E+02
    0.27459E-03    0.19857E+02
    0.27735E-03    0.20048E+02
    0.28014E-03    0.20241E+02
    0.28295E-03    0.20436E+02
    0.28580E-03    0.20632E+02
    0.28867E-03    0.20831E+02
    0.29157E-03    0.21031E+02
    0.29450E-03    0.21233E+02
    0.29746E-03    0.21438E+02
    0.30045E-03    0.21644E+02
    0.30347E-03    0.21852E+02
    0.30652E-03    0.22062E+02
    0.30960E-03    0.22274E+02
    0.31271E-03    0.22488E+02
    0.31585E-03    0.22704E+02
    0.31903E-03    0.22923E+02
    0.32223E-03    0.23143E+02
    0.32547E-03    0.23365E+02
    0.32874E-03    0.23590E+02
    0.33205E-03    0.23817E+02
    0.33538E-03    0.24046E+02
    0.33876E-03    0.24277E+02
    0.34216E-03    0.24510E+02
    0.34560E-03    0.24745E+02
    0.34907E-03    0.24983E+02
    0.35258E-03    0.25223E+02
    0.35612E-03    0.25465E+02
    0.35970E-03    0.25710E+02
    0.36332E-03    0.25957E+02
    0.36697E-03    0.26206E+02
    0.37066E-03    0.26458E+02
    0.37438E-03    0.26712E+02
    0.37814E-03    0.26968E+02
    0.38195E-03    0.27227E+02
    0.38578E-03    0.27488E+02
    0.38966E-03    0.27752E+02
    0.39358E-03    0.28018E+02
    0.39753E-03    0.28287E+02
    0.40153E-03    0.28559E+02
    0.40556E-03    0.28832E+02
    0.40964E-03    0.29109E+02
    0.41376E-03    0.29388E+02
    0.41791E-03    0.29670E+02
    0.42211E-03    0.29955E+02
    0.42636E-03    0.30242E+02
    0.43064E-03    0.30532E+02
    0.43497E-03    0.30824E+02
    0.43934E-03    0.31120E+02
    0.44376E-03    0.31418E+02
    0.44822E-03    0.31719E+02
    0.45272E-03    0.32023E+02
    0.45727E-03    0.32329E+02
    0.46187E-03    0.32639E+02
    0.46651E-03    0.32952E+02
    0.47120E-03    0.33267E+02
    0.47593E-03    0.33586E+02
    0.48072E-03    0.33907E+02
    0.48555E-03    0.34232E+02
    0.49043E-03    0.34559E+02
    0.49536E-03    0.34890E+02
    0.50033E-03    0.35223E+02
    0.50536E-03    0.35560E+02
    0.51044E-03    0.35900E+02
    0.51557E-03    0.36244E+02
    0.52075E-03    0.36590E+02
    0.52599E-03    0.36940E+02
    0.53127E-03    0.37293E+02
    0.53661E-03    0.37649E+02
    0.54201E-03    0.38009E+02
    0.54745E-03    0.38372E+02
    0.55296E-03    0.38738E+02
    0.55851E-03    0.39108E+02
    0.56413E-03    0.39481E+02
    0.56980E-03    0.39858E+02
    0.57552E-03    0.40238E+02
    0.58131E-03    0.40622E+02
    0.58715E-03    0.41009E+02
    0.59305E-03    0.41400E+02
    0.59901E-03    0.41795E+02
    0.60503E-03    0.42193E+02
    0.61111E-03    0.42595E+02
    0.61725E-03    0.43001E+02
    0.62346E-03    0.43410E+02
    0.62972E-03    0.43824E+02
    0.63605E-03    0.44241E+02
    0.64244E-03    0.44662E+02
    0.64890E-03    0.45087E+02
    0.65542E-03    0.45515E+02
    0.66201E-03    0.45948E+02
    0.66866E-03    0.46385E+02
    0.67538E-03    0.46826E+02
    0.68217E-03    0.47270E+02
    0.68902E-03    0.47719E+02
    0.69595E-03    0.48172E+02
    0.70294E-03    0.48629E+02
    0.71001E-03    0.49091E+02
    0.71714E-03    0.49556E+02
    0.72435E-03    0.50026E+02
    0.73163E-03    0.50500E+02
    0.73898E-03    0.50979E+02
    0.74641E-03    0.51462E+02
    0.75391E-03    0.51949E+02
    0.76149E-03    0.52441E+02
    0.76914E-03    0.52937E+02
    0.77687E-03    0.53438E+02
    0.78468E-03    0.53943E+02
    0.79257E-03    0.54453E+02
    0.80053E-03    0.54967E+02
    0.80858E-03    0.55486E+02
    0.81670E-03    0.56010E+02
    0.82491E-03    0.56538E+02
    0.83320E-03    0.57072E+02
    0.84158E-03    0.57610E+02
    0.85003E-03    0.58152E+02
    0.85858E-03    0.58700E+02
    0.86721E-03    0.59253E+02
    0.87592E-03    0.59810E+02
    0.88473E-03    0.60373E+02
    0.89362E-03    0.60941E+02
    0.90260E-03    0.61513E+02
    0.91167E-03    0.62091E+02
    0.92083E-03    0.62674E+02
    0.93009E-03    0.63262E+02
    0.93943E-03    0.63855E+02
    0.94888E-03    0.64454E+02
    0.95841E-03    0.65058E+02
    0.96804E-03    0.65667E+02
    0.97777E-03    0.66281E+02
    0.98760E-03    0.66901E+02
    0.99753E-03    0.67526E+02
    0.10076E-02    0.68157E+02
    0.10177E-02    0.68793E+02
    0.10279E-02    0.69435E+02
    0.10382E-02    0.70083E+02
    0.10487E-02    0.70736E+02
    0.10592E-02    0.71394E+02
    0.10699E-02    0.72059E+02
    0.10806E-02    0.72729E+02
    0.10915E-02    0.73405E+02
    0.11024E-02    0.74086E+02
    0.11135E-02    0.74774E+02
    0.11247E-02    0.75467E+02
    0.11360E-02    0.76167E+02
    0.11474E-02    0.76872E+02
    0.11590E-02    0.77584E+02
    0.11706E-02    0.78301E+02
    0.11824E-02    0.79024E+02
    0.11943E-02    0.79754E+02
    0.12063E-02    0.80490E+02
    0.12184E-02    0.81232E+02
    0.12306E-02    0.81980E+02
    0.12430E-02    0.82734E+02
    0.12555E-02    0.83495E+02
    0.12681E-02    0.84262E+02
    0.12808E-02    0.85035E+02
    0.12937E-02    0.85815E+02
    0.13067E-02    0.86602E+02
    0.13199E-02    0.87394E+02
    0.13331E-02    0.88194E+02
    0.13465E-02    0.88999E+02
    0.13601E-02    0.89812E+02
    0.13737E-02    0.90631E+02
    0.13875E-02    0.91456E+02
    0.14015E-02    0.92289E+02
    0.14156E-02    0.93128E+02
    0.14298E-02    0.93974E+02
    0.14442E-02    0.94826E+02
    0.14587E-02    0.95686E+02
    0.14733E-02    0.96552E+02
    0.14881E-02    0.97425E+02
    0.15031E-02    0.98305E+02
    0.15182E-02    0.99193E+02
    0.15335E-02    0.10009E+03
    0.15489E-02    0.10099E+03
    0.15644E-02    0.10190E+03
    0.15802E-02    0.10281E+03
    0.15960E-02    0.10373E+03
    0.16121E-02    0.10466E+03
    0.16283E-02    0.10560E+03
    0.16446E-02    0.10654E+03
    0.16612E-02    0.10749E+03
    0.16779E-02    0.10845E+03
    0.16947E-02    0.10942E+03
    0.17118E-02    0.11039E+03
    0.17290E-02    0.11137E+03
    0.17463E-02    0.11236E+03
    0.17639E-02    0.11335E+03
    0.17816E-02    0.11436E+03
    0.17995E-02    0.11537E+03
    0.18176E-02    0.11638E+03
    0.18359E-02    0.11741E+03
    0.18543E-02    0.11844E+03
    0.18730E-02    0.11948E+03
    0.18918E-02    0.12053E+03
    0.19108E-02    0.12158E+03
    0.19300E-02    0.12265E+03
    0.19494E-02    0.12372E+03
    0.19690E-02    0.12479E+03
    0.19888E-02    0.12588E+03
    0.20088E-02    0.12697E+03
    0.20290E-02    0.12807E+03
    0.20493E-02    0.12918E+03
    0.20699E-02    0.13030E+03
    0.20907E-02    0.13142E+03
    0.21118E-02    0.13255E+03
    0.21330E-02    0.13369E+03
    0.21544E-02    0.13484E+03
    0.21761E-02    0.13600E+03
    0.21979E-02    0.13716E+03
    0.22200E-02    0.13833E+03
    0.22423E-02    0.13951E+03
    0.22649E-02    0.14069E+03
    0.22876E-02    0.14189E+03
    0.23106E-02    0.14309E+03
    0.23339E-02    0.14430E+03
    0.23573E-02    0.14552E+03
    0.23810E-02    0.14674E+03
    0.24049E-02    0.14798E+03
    0.24291E-02    0.14922E+03
    0.24535E-02    0.15047E+03
    0.24782E-02    0.15173E+03
    0.25031E-02    0.15299E+03
    0.25282E-02    0.15426E+03
    0.25536E-02    0.15554E+03
    0.25793E-02    0.15683E+03
    0.26052E-02    0.15813E+03
    0.26314E-02    0.15943E+03
    0.26579E-02    0.16075E+03
    0.26846E-02    0.16207E+03
    0.27116E-02    0.16340E+03
    0.27388E-02    0.16473E+03
    0.27663E-02    0.16608E+03
    0.27941E-02    0.16743E+03
    0.28222E-02    0.16879E+03
    0.28506E-02    0.17015E+03
    0.28792E-02    0.17153E+03
    0.29082E-02    0.17291E+03
    0.29374E-02    0.17430E+03
    0.29669E-02    0.17570E+03
    0.29967E-02    0.17710E+03
    0.30268E-02    0.17852E+03
    0.30573E-02    0.17994E+03
    0.30880E-02    0.18137E+03
    0.31190E-02    0.18280E+03
    0.31504E-02    0.18425E+03
    0.31820E-02    0.18570E+03
    0.32140E-02    0.18715E+03
    0.32463E-02    0.18862E+03
    0.32789E-02    0.19009E+03
    0.33119E-02    0.19157E+03
    0.33452E-02    0.19306E+03
    0.33788E-02    0.19455E+03
    0.34128E-02    0.19606E+03
    0.34471E-02    0.19756E+03
    0.34817E-02    0.19908E+03
    0.35167E-02    0.20060E+03
    0.35520E-02    0.20213E+03
    0.35877E-02    0.20367E+03
    0.36238E-02    0.20521E+03
    0.36602E-02    0.20676E+03
    0.36970E-02    0.20832E+03
    0.37342E-02    0.20988E+03
    0.37717E-02    0.21145E+03
    0.38096E-02    0.21302E+03
    0.38479E-02    0.21460E+03
    0.38866E-02    0.21619E+03
    0.39256E-02    0.21779E+03
    0.39651E-02    0.21939E+03
    0.40049E-02    0.22099E+03
    0.40452E-02    0.22260E+03
    0.40858E-02    0.22422E+03
    0.41269E-02    0.22584E+03
    0.41684E-02    0.22747E+03
    0.42102E-02    0.22911E+03
    0.42526E-02    0.23075E+03
    0.42953E-02    0.23239E+03
    0.43385E-02    0.23404E+03
    0.43821E-02    0.23569E+03
    0.44261E-02    0.23735E+03
    0.44706E-02    0.23902E+03
    0.45155E-02    0.24069E+03
    0.45609E-02    0.24236E+03
    0.46067E-02    0.24404E+03
    0.46530E-02    0.24572E+03
    0.46998E-02    0.24740E+03
    0.47470E-02    0.24909E+03
    0.47948E-02    0.25078E+03
    0.48429E-02    0.25248E+03
    0.48916E-02    0.25418E+03
    0.49408E-02    0.25588E+03
    0.49904E-02    0.25759E+03
    0.50406E-02    0.25930E+03
    0.50912E-02    0.26101E+03
    0.51424E-02    0.26273E+03
    0.51941E-02    0.26444E+03
    0.52463E-02    0.26616E+03
    0.52990E-02    0.26788E+03
    0.53523E-02    0.26961E+03
    0.54061E-02    0.27133E+03
    0.54604E-02    0.27306E+03
    0.55153E-02    0.27478E+03
    0.55707E-02    0.27651E+03
    0.56267E-02    0.27824E+03
    0.56832E-02    0.27997E+03
    0.57404E-02    0.28170E+03
    0.57981E-02    0.28343E+03
    0.58563E-02    0.28516E+03
    0.59152E-02    0.28689E+03
    0.59746E-02    0.28862E+03
    0.60347E-02    0.29035E+03
    0.60953E-02    0.29208E+03
    0.61566E-02    0.29380E+03
    0.62185E-02    0.29553E+03
    0.62810E-02    0.29725E+03
    0.63441E-02    0.29897E+03
    0.64078E-02    0.30069E+03
    0.64722E-02    0.30241E+03
    0.65373E-02    0.30412E+03
    0.66030E-02    0.30583E+03
    0.66693E-02    0.30754E+03
    0.67364E-02    0.30924E+03
    0.68041E-02    0.31094E+03
    0.68725E-02    0.31264E+03
    0.69415E-02    0.31433E+03
    0.70113E-02    0.31601E+03
    0.70818E-02    0.31769E+03
    0.71529E-02    0.31937E+03
    0.72248E-02    0.32104E+03
    0.72974E-02    0.32270E+03
    0.73708E-02    0.32435E+03
    0.74448E-02    0.32600E+03
    0.75197E-02    0.32765E+03
    0.75952E-02    0.32928E+03
    0.76716E-02    0.33091E+03
    0.77487E-02    0.33253E+03
    0.78266E-02    0.33414E+03
    0.79052E-02    0.33574E+03
    0.79847E-02    0.33733E+03
    0.80649E-02    0.33891E+03
    0.81460E-02    0.34048E+03
    0.82278E-02    0.34205E+03
    0.83105E-02    0.34360E+03
    0.83940E-02    0.34513E+03
    0.84784E-02    0.34666E+03
    0.85636E-02    0.34818E+03
    0.86497E-02    0.34968E+03
    0.87366E-02    0.35117E+03
    0.88244E-02    0.35265E+03
    0.89131E-02    0.35411E+03
    0.90027E-02    0.35556E+03
    0.90932E-02    0.35699E+03
    0.91845E-02    0.35841E+03
    0.92768E-02    0.35982E+03
    0.93701E-02    0.36120E+03
    0.94643E-02    0.36258E+03
    0.95594E-02    0.36393E+03
    0.96554E-02    0.36527E+03
    0.97525E-02    0.36659E+03
    0.98505E-02    0.36789E+03
    0.99495E-02    0.36917E+03
    0.10049E-01    0.37043E+03
    0.10150E-01    0.37167E+03
    0.10253E-01    0.37290E+03
    0.10356E-01    0.37410E+03
    0.10460E-01    0.37528E+03
    0.10565E-01    0.37644E+03
    0.10671E-01    0.37757E+03
    0.10778E-01    0.37869E+03
    0.10886E-01    0.37978E+03
    0.10996E-01    0.38085E+03
    0.11106E-01    0.38189E+03
    0.11218E-01    0.38291E+03
    0.11331E-01    0.38390E+03
    0.11445E-01    0.38486E+03
    0.11560E-01    0.38580E+03
    0.11676E-01    0.38672E+03
    0.11793E-01    0.38760E+03
    0.11912E-01    0.38846E+03
    0.12031E-01    0.38929E+03
    0.12152E-01    0.39009E+03
    0.12274E-01    0.39086E+03
    0.12398E-01    0.39160E+03
    0.12522E-01    0.39231E+03
    0.12648E-01    0.39298E+03
    0.12775E-01    0.39363E+03
    0.12904E-01    0.39424E+03
    0.13033E-01    0.39482E+03
    0.13164E-01    0.39537E+03
    0.13297E-01    0.39588E+03
    0.13430E-01    0.39636E+03
    0.13565E-01    0.39680E+03
    0.13702E-01    0.39721E+03
    0.13839E-01    0.39758E+03
    0.13979E-01    0.39792E+03
    0.14119E-01    0.39821E+03
    0.14261E-01    0.39847E+03
    0.14404E-01    0.39869E+03
    0.14549E-01    0.39888E+03
    0.14695E-01    0.39902E+03
    0.14843E-01    0.39912E+03
    0.14992E-01    0.39918E+03
    0.15143E-01    0.39921E+03
    0.15295E-01    0.39919E+03
    0.15449E-01    0.39913E+03
    0.15604E-01    0.39902E+03
    0.15761E-01    0.39888E+03
    0.15919E-01    0.39869E+03
    0.16079E-01    0.39846E+03
    0.16241E-01    0.39818E+03
    0.16404E-01    0.39786E+03
    0.16569E-01    0.39750E+03
    0.16735E-01    0.39709E+03
    0.16904E-01    0.39663E+03
    0.17073E-01    0.39613E+03
    0.17245E-01    0.39559E+03
    0.17418E-01    0.39499E+03
    0.17593E-01    0.39435E+03
    0.17770E-01    0.39367E+03
    0.17949E-01    0.39293E+03
    0.18129E-01    0.39215E+03
    0.18311E-01    0.39133E+03
    0.18495E-01    0.39045E+03
    0.18681E-01    0.38953E+03
    0.18869E-01    0.38855E+03
    0.19059E-01    0.38753E+03
    0.19250E-01    0.38647E+03
    0.19444E-01    0.38535E+03
    0.19639E-01    0.38419E+03
    0.19836E-01    0.38297E+03
    0.20036E-01    0.38171E+03
    0.20237E-01    0.38040E+03
    0.20441E-01    0.37905E+03
    0.20646E-01    0.37764E+03
    0.20853E-01    0.37619E+03
    0.21063E-01    0.37469E+03
    0.21275E-01    0.37314E+03
    0.21489E-01    0.37155E+03
    0.21705E-01    0.36991E+03
    0.21923E-01    0.36822E+03
    0.22143E-01    0.36649E+03
    0.22366E-01    0.36471E+03
    0.22590E-01    0.36289E+03
    0.22817E-01    0.36102E+03
    0.23047E-01    0.35911E+03
    0.23278E-01    0.35716E+03
    0.23512E-01    0.35516E+03
    0.23749E-01    0.35312E+03
    0.23987E-01    0.35104E+03
    0.24228E-01    0.34892E+03
    0.24472E-01    0.34676E+03
    0.24718E-01    0.34456E+03
    0.24966E-01    0.34233E+03
    0.25217E-01    0.34006E+03
    0.25471E-01    0.33775E+03
    0.25727E-01    0.33541E+03
    0.25985E-01    0.33303E+03
    0.26246E-01    0.33062E+03
    0.26510E-01    0.32818E+03
    0.26776E-01    0.32571E+03
    0.27046E-01    0.32321E+03
    0.27317E-01    0.32069E+03
    0.27592E-01    0.31814E+03
    0.27869E-01    0.31556E+03
    0.28149E-01    0.31296E+03
    0.28432E-01    0.31034E+03
    0.28718E-01    0.30770E+03
    0.29007E-01    0.30504E+03
    0.29298E-01    0.30237E+03
    0.29593E-01    0.29967E+03
    0.29890E-01    0.29697E+03
    0.30190E-01    0.29426E+03
    0.30494E-01    0.29153E+03
    0.30800E-01    0.28880E+03
    0.31110E-01    0.28606E+03
    0.31422E-01    0.28331E+03
    0.31738E-01    0.28057E+03
    0.32057E-01    0.27782E+03
    0.32379E-01    0.27507E+03
    0.32705E-01    0.27233E+03
    0.33033E-01    0.26959E+03
    0.33365E-01    0.26686E+03
    0.33701E-01    0.26414E+03
    0.34039E-01    0.26143E+03
    0.34382E-01    0.25873E+03
    0.34727E-01    0.25604E+03
    0.35076E-01    0.25336E+03
    0.35429E-01    0.25067E+03
    0.35785E-01    0.24800E+03
    0.36144E-01    0.24535E+03
    0.36508E-01    0.24272E+03
    0.36875E-01    0.24012E+03
    0.37245E-01    0.23755E+03
    0.37619E-01    0.23500E+03
    0.37998E-01    0.23248E+03
    0.38379E-01    0.23000E+03
    0.38765E-01    0.22756E+03
    0.39155E-01    0.22514E+03
    0.39548E-01    0.22277E+03
    0.39946E-01    0.22044E+03
    0.40347E-01    0.21814E+03
    0.40753E-01    0.21589E+03
    0.41162E-01    0.21368E+03
    0.41576E-01    0.21152E+03
    0.41994E-01    0.20940E+03
    0.42416E-01    0.20732E+03
    0.42842E-01    0.20529E+03
    0.43273E-01    0.20330E+03
    0.43708E-01    0.20136E+03
    0.44147E-01    0.19946E+03
    0.44591E-01    0.19761E+03
    0.45039E-01    0.19580E+03
    0.45491E-01    0.19404E+03
    0.45949E-01    0.19232E+03
    0.46410E-01    0.19064E+03
    0.46877E-01    0.18900E+03
    0.47348E-01    0.18741E+03
    0.47824E-01    0.18585E+03
    0.48304E-01    0.18433E+03
    0.48790E-01    0.18284E+03
    0.49280E-01    0.18139E+03
    0.49775E-01    0.17997E+03
    0.50276E-01    0.17859E+03
    0.50781E-01    0.17724E+03
    0.51291E-01    0.17592E+03
    0.51807E-01    0.17464E+03
    0.52327E-01    0.17339E+03
    0.52853E-01    0.17216E+03
    0.53385E-01    0.17096E+03
    0.53921E-01    0.16978E+03
    0.54463E-01    0.16861E+03
    0.55010E-01    0.16747E+03
    0.55563E-01    0.16633E+03
    0.56122E-01    0.16521E+03
    0.56686E-01    0.16410E+03
    0.57255E-01    0.16331E+03
    0.57831E-01    0.16223E+03
    0.58412E-01    0.16114E+03
    0.58999E-01    0.16004E+03
    0.59592E-01    0.15894E+03
    0.60191E-01    0.15783E+03
    0.60796E-01    0.15671E+03
    0.61407E-01    0.15557E+03
    0.62024E-01    0.15440E+03
    0.62647E-01    0.15322E+03
    0.63277E-01    0.15201E+03
    0.63913E-01    0.15078E+03
    0.64555E-01    0.14951E+03
    0.65204E-01    0.14821E+03
    0.65859E-01    0.14687E+03
    0.66521E-01    0.14549E+03
    0.67190E-01    0.14408E+03
    0.67865E-01    0.14262E+03
    0.68547E-01    0.14112E+03
    0.69236E-01    0.13957E+03
    0.69932E-01    0.13798E+03
    0.70635E-01    0.13634E+03
    0.71345E-01    0.13466E+03
    0.72062E-01    0.13293E+03
    0.72786E-01    0.13116E+03
    0.73517E-01    0.12935E+03
    0.74256E-01    0.12751E+03
    0.75002E-01    0.12562E+03
    0.75756E-01    0.12370E+03
    0.76518E-01    0.12175E+03
    0.77287E-01    0.11977E+03
    0.78063E-01    0.11777E+03
    0.78848E-01    0.11575E+03
    0.79640E-01    0.11372E+03
    0.80441E-01    0.11167E+03
    0.81249E-01    0.10962E+03
    0.82066E-01    0.10758E+03
    0.82891E-01    0.10553E+03
    0.83724E-01    0.10350E+03
    0.84565E-01    0.10148E+03
    0.85415E-01    0.99481E+02
    0.86273E-01    0.97508E+02
    0.87141E-01    0.95567E+02
    0.88016E-01    0.93661E+02
    0.88901E-01    0.91797E+02
    0.89794E-01    0.89978E+02
    0.90697E-01    0.88209E+02
    0.91608E-01    0.86494E+02
    0.92529E-01    0.84836E+02
    0.93459E-01    0.83239E+02
    0.94398E-01    0.81706E+02
    0.95347E-01    0.80238E+02
    0.96305E-01    0.78838E+02
    0.97273E-01    0.77507E+02
    0.98251E-01    0.76244E+02
    0.99238E-01    0.75050E+02
    0.10024E+00    0.73925E+02
    0.10124E+00    0.72866E+02
    0.10226E+00    0.71874E+02
    0.10329E+00    0.70944E+02
    0.10433E+00    0.70074E+02
    0.10537E+00    0.69262E+02
    0.10643E+00    0.68504E+02
    0.10750E+00    0.67795E+02
    0.10858E+00    0.67131E+02
    0.10968E+00    0.66507E+02
    0.11078E+00    0.65918E+02
    0.11189E+00    0.65356E+02
    0.11302E+00    0.64816E+02
    0.11415E+00    0.64290E+02
    0.11530E+00    0.63771E+02
    0.11646E+00    0.63252E+02
    0.11763E+00    0.62723E+02
    0.11881E+00    0.62178E+02
    0.12000E+00    0.61609E+02
    0.12121E+00    0.61009E+02
    0.12243E+00    0.60372E+02
    0.12366E+00    0.59693E+02
    0.12490E+00    0.58968E+02
    0.12616E+00    0.58196E+02
    0.12742E+00    0.57376E+02
    0.12870E+00    0.56508E+02
    0.13000E+00    0.55594E+02
    0.13130E+00    0.54639E+02
    0.13262E+00    0.53645E+02
    0.13396E+00    0.52618E+02
    0.13530E+00    0.51564E+02
    0.13666E+00    0.50488E+02
    0.13804E+00    0.49395E+02
    0.13942E+00    0.48292E+02
    0.14083E+00    0.47185E+02
    0.14224E+00    0.46080E+02
    0.14367E+00    0.44984E+02
    0.14511E+00    0.43904E+02
    0.14657E+00    0.42847E+02
    0.14805E+00    0.41821E+02
    0.14953E+00    0.40832E+02
    0.15104E+00    0.39888E+02
    0.15255E+00    0.38994E+02
    0.15409E+00    0.38154E+02
    0.15564E+00    0.37372E+02
    0.15720E+00    0.36649E+02
    0.15878E+00    0.35984E+02
    0.16038E+00    0.35377E+02
    0.16199E+00    0.34823E+02
    0.16362E+00    0.34318E+02
    0.16526E+00    0.33857E+02
    0.16692E+00    0.33432E+02
    0.16860E+00    0.33040E+02
    0.17029E+00    0.32672E+02
    0.17200E+00    0.32322E+02
    0.17373E+00    0.31984E+02
    0.17548E+00    0.31651E+02
    0.17724E+00    0.31316E+02
    0.17902E+00    0.30971E+02
    0.18082E+00    0.30611E+02
    0.18264E+00    0.30230E+02
    0.18448E+00    0.29821E+02
    0.18633E+00    0.29382E+02
    0.18820E+00    0.28912E+02
    0.19009E+00    0.28409E+02
    0.19201E+00    0.27877E+02
    0.19393E+00    0.27318E+02
    0.19588E+00    0.26738E+02
    0.19785E+00    0.26141E+02
    0.19984E+00    0.25535E+02
    0.20185E+00    0.24926E+02
    0.20388E+00    0.24319E+02
    0.20593E+00    0.23721E+02
    0.20800E+00    0.23139E+02
    0.21009E+00    0.22578E+02
    0.21220E+00    0.22045E+02
    0.21433E+00    0.21543E+02
    0.21649E+00    0.21077E+02
    0.21866E+00    0.20647E+02
    0.22086E+00    0.20255E+02
    0.22308E+00    0.19897E+02
    0.22532E+00    0.19570E+02
    0.22758E+00    0.19270E+02
    0.22987E+00    0.18991E+02
    0.23218E+00    0.18728E+02
    0.23452E+00    0.18474E+02
    0.23687E+00    0.18225E+02
    0.23925E+00    0.17975E+02
    0.24166E+00    0.17720E+02
    0.24409E+00    0.17455E+02
    0.24654E+00    0.17177E+02
    0.24902E+00    0.16884E+02
    0.25152E+00    0.16574E+02
    0.25405E+00    0.16248E+02
    0.25660E+00    0.15908E+02
    0.25918E+00    0.15559E+02
    0.26178E+00    0.15205E+02
    0.26442E+00    0.14850E+02
    0.26707E+00    0.14500E+02
    0.26976E+00    0.14159E+02
    0.27247E+00    0.13831E+02
    0.27521E+00    0.13519E+02
    0.27797E+00    0.13224E+02
    0.28077E+00    0.12949E+02
    0.28359E+00    0.12693E+02
    0.28644E+00    0.12455E+02
    0.28932E+00    0.12233E+02
    0.29222E+00    0.12025E+02
    0.29516E+00    0.11826E+02
    0.29813E+00    0.11633E+02
    0.30112E+00    0.11442E+02
    0.30415E+00    0.11250E+02
    0.30721E+00    0.11053E+02
    0.31029E+00    0.10852E+02
    0.31341E+00    0.10643E+02
    0.31656E+00    0.10428E+02
    0.31974E+00    0.10208E+02
    0.32296E+00    0.99855E+01
    0.32620E+00    0.97625E+01
    0.32948E+00    0.95423E+01
    0.33279E+00    0.93276E+01
    0.33614E+00    0.91204E+01
    0.33952E+00    0.89220E+01
    0.34293E+00    0.87333E+01
    0.34638E+00    0.85547E+01
    0.34986E+00    0.83859E+01
    0.35337E+00    0.82258E+01
    0.35692E+00    0.80722E+01
    0.36051E+00    0.79227E+01
    0.36413E+00    0.77752E+01
    0.36779E+00    0.76282E+01
    0.37149E+00    0.74807E+01
    0.37522E+00    0.73320E+01
    0.37899E+00    0.71818E+01
    0.38280E+00    0.70304E+01
    0.38665E+00    0.68787E+01
    0.39054E+00    0.67281E+01
    0.39446E+00    0.65804E+01
    0.39843E+00    0.64367E+01
    0.40243E+00    0.62977E+01
    0.40647E+00    0.61641E+01
    0.41056E+00    0.60358E+01
    0.41469E+00    0.59127E+01
    0.41885E+00    0.57939E+01
    0.42306E+00    0.56782E+01
    0.42732E+00    0.55646E+01
    0.43161E+00    0.54523E+01
    0.43595E+00    0.53409E+01
    0.44033E+00    0.52299E+01
    0.44475E+00    0.51193E+01
    0.44922E+00    0.50094E+01
    0.45374E+00    0.49009E+01
    0.45830E+00    0.47945E+01
    0.46291E+00    0.46907E+01
    0.46756E+00    0.45898E+01
    0.47226E+00    0.44919E+01
    0.47700E+00    0.43970E+01
    0.48180E+00    0.43050E+01
    0.48664E+00    0.42152E+01
    0.49153E+00    0.41272E+01
    0.49647E+00    0.40404E+01
    0.50146E+00    0.39549E+01
    0.50650E+00    0.38704E+01
    0.51159E+00    0.37869E+01
    0.51673E+00    0.37048E+01
    0.52192E+00    0.36242E+01
    0.52717E+00    0.35455E+01
    0.53247E+00    0.34687E+01
    0.53782E+00    0.33938E+01
    0.54322E+00    0.33208E+01
    0.54868E+00    0.32496E+01
    0.55420E+00    0.31799E+01
    0.55977E+00    0.31114E+01
    0.56539E+00    0.30442E+01
    0.57108E+00    0.29782E+01
    0.57681E+00    0.29132E+01
    0.58261E+00    0.28495E+01
    0.58847E+00    0.27871E+01
    0.59438E+00    0.27261E+01
    0.60036E+00    0.26664E+01
    0.60639E+00    0.26081E+01
    0.61248E+00    0.25512E+01
    0.61864E+00    0.24955E+01
    0.62486E+00    0.24408E+01
    0.63114E+00    0.23873E+01
    0.63748E+00    0.23348E+01
    0.64389E+00    0.22833E+01
    0.65036E+00    0.22328E+01
    0.65689E+00    0.21835E+01
    0.66350E+00    0.21352E+01
    0.67016E+00    0.20880E+01
    0.67690E+00    0.20418E+01
    0.68370E+00    0.19966E+01
    0.69057E+00    0.19523E+01
    0.69751E+00    0.19090E+01
    0.70452E+00    0.18665E+01
    0.71160E+00    0.18249E+01
    0.71876E+00    0.17843E+01
    0.72598E+00    0.17444E+01
    0.73328E+00    0.17055E+01
    0.74065E+00    0.16674E+01
    0.74809E+00    0.16301E+01
    0.75561E+00    0.15935E+01
    0.76320E+00    0.15578E+01
    0.77087E+00    0.15228E+01
    0.77862E+00    0.14886E+01
    0.78644E+00    0.14551E+01
    0.79435E+00    0.14223E+01
    0.80233E+00    0.13903E+01
    0.81039E+00    0.13589E+01
    0.81854E+00    0.13282E+01
    0.82677E+00    0.12982E+01
    0.83508E+00    0.12688E+01
    0.84347E+00    0.12401E+01
    0.85194E+00    0.12119E+01
    0.86051E+00    0.11844E+01
    0.86916E+00    0.11575E+01
    0.87789E+00    0.11312E+01
    0.88671E+00    0.11055E+01
    0.89563E+00    0.10803E+01
    0.90463E+00    0.10556E+01
    0.91372E+00    0.10316E+01
    0.92290E+00    0.10080E+01
    0.93218E+00    0.98496E+00
    0.94155E+00    0.96242E+00
    0.95101E+00    0.94038E+00
    0.96057E+00    0.91882E+00
    0.97022E+00    0.89773E+00
    0.97997E+00    0.87712E+00
    0.98982E+00    0.85695E+00
    0.99977E+00    0.83724E+00
    0.10098E+01    0.81795E+00
    0.10200E+01    0.79910E+00
    0.10302E+01    0.78066E+00
    0.10406E+01    0.76264E+00
    0.10510E+01    0.74501E+00
    0.10616E+01    0.72778E+00
    0.10723E+01    0.71092E+00
    0.10830E+01    0.69446E+00
    0.10939E+01    0.67835E+00
    0.11049E+01    0.66261E+00
    0.11160E+01    0.64722E+00
    0.11272E+01    0.63218E+00
    0.11386E+01    0.61747E+00
    0.11500E+01    0.60310E+00
    0.11616E+01    0.58904E+00
    0.11732E+01    0.57531E+00
    0.11850E+01    0.56188E+00
    0.11969E+01    0.54876E+00
    0.12090E+01    0.53594E+00
    0.12211E+01    0.52340E+00
    0.12334E+01    0.51115E+00
    0.12458E+01    0.49917E+00
    0.12583E+01    0.48746E+00
    0.12710E+01    0.47602E+00
    0.12837E+01    0.46484E+00
    0.12966E+01    0.45391E+00
    0.13097E+01    0.44323E+00
    0.13228E+01    0.43280E+00
    0.13361E+01    0.42260E+00
    0.13495E+01    0.41264E+00
    0.13631E+01    0.40291E+00
    0.13768E+01    0.39339E+00
    0.13906E+01    0.38410E+00
    0.14046E+01    0.37502E+00
    0.14187E+01    0.36614E+00
    0.14330E+01    0.35748E+00
    0.14474E+01    0.34901E+00
    0.14619E+01    0.34073E+00
    0.14766E+01    0.33264E+00
    0.14915E+01    0.32475E+00
    0.15065E+01    0.31703E+00
    0.15216E+01    0.30949E+00
    0.15369E+01    0.30213E+00
    0.15523E+01    0.29493E+00
    0.15679E+01    0.28790E+00
    0.15837E+01    0.28104E+00
    0.15996E+01    0.27433E+00
    0.16157E+01    0.26778E+00
    0.16319E+01    0.26138E+00
    0.16483E+01    0.25513E+00
    0.16649E+01    0.24903E+00
    0.16816E+01    0.24306E+00
    0.16985E+01    0.23724E+00
    0.17156E+01    0.23155E+00
    0.17328E+01    0.22600E+00
    0.17503E+01    0.22057E+00
    0.17679E+01    0.21527E+00
    0.17856E+01    0.21010E+00
    0.18036E+01    0.20504E+00
    0.18217E+01    0.20011E+00
    0.18400E+01    0.19529E+00
    0.18585E+01    0.19059E+00
    0.18772E+01    0.18599E+00
    0.18960E+01    0.18150E+00
    0.19151E+01    0.17712E+00
    0.19343E+01    0.17284E+00
    0.19538E+01    0.16866E+00
    0.19734E+01    0.16458E+00
    0.19933E+01    0.16060E+00
    0.20133E+01    0.15671E+00
    0.20335E+01    0.15291E+00
    0.20540E+01    0.14920E+00
    0.20746E+01    0.14558E+00
    0.20954E+01    0.14205E+00
    0.21165E+01    0.13860E+00
    0.21378E+01    0.13523E+00
    0.21593E+01    0.13194E+00
    0.21810E+01    0.12873E+00
    0.22029E+01    0.12560E+00
    0.22250E+01    0.12254E+00
    0.22474E+01    0.11955E+00
    0.22700E+01    0.11663E+00
    0.22928E+01    0.11379E+00
    0.23158E+01    0.11101E+00
    0.23391E+01    0.10830E+00
    0.23626E+01    0.10565E+00
    0.23864E+01    0.10306E+00
    0.24103E+01    0.10054E+00
    0.24346E+01    0.98079E-01
    0.24590E+01    0.95675E-01
    0.24837E+01    0.93330E-01
    0.25087E+01    0.91041E-01
    0.25339E+01    0.88807E-01
    0.25594E+01    0.86626E-01
    0.25851E+01    0.84498E-01
    0.26111E+01    0.82421E-01
    0.26373E+01    0.80394E-01
    0.26638E+01    0.78416E-01
    0.26906E+01    0.76485E-01
    0.27176E+01    0.74601E-01
    0.27450E+01    0.72762E-01
    0.27725E+01    0.70968E-01
    0.28004E+01    0.69217E-01
    0.28286E+01    0.67508E-01
    0.28570E+01    0.65841E-01
    0.28857E+01    0.64214E-01
    0.29147E+01    0.62626E-01
    0.29440E+01    0.61077E-01
    0.29736E+01    0.59566E-01
    0.30035E+01    0.58091E-01
    0.30337E+01    0.56652E-01
    0.30641E+01    0.55248E-01
    0.30949E+01    0.53878E-01
    0.31260E+01    0.52541E-01
    0.31575E+01    0.51237E-01
    0.31892E+01    0.49965E-01
    0.32212E+01    0.48723E-01
    0.32536E+01    0.47512E-01
    0.32863E+01    0.46330E-01
    0.33193E+01    0.45178E-01
    0.33527E+01    0.44053E-01
    0.33864E+01    0.42956E-01
    0.34204E+01    0.41885E-01
    0.34548E+01    0.40841E-01
    0.34895E+01    0.39823E-01
    0.35246E+01    0.38829E-01
    0.35600E+01    0.37860E-01
    0.35958E+01    0.36914E-01
    0.36319E+01    0.35992E-01
    0.36684E+01    0.35092E-01
    0.37053E+01    0.34214E-01
    0.37425E+01    0.33358E-01
    0.37802E+01    0.32523E-01
    0.38182E+01    0.31708E-01
    0.38565E+01    0.30914E-01
    0.38953E+01    0.30139E-01
    0.39344E+01    0.29383E-01
    0.39740E+01    0.28646E-01
    0.40139E+01    0.27927E-01
    0.40543E+01    0.27226E-01
    0.40950E+01    0.26542E-01
    0.41362E+01    0.25875E-01
    0.41777E+01    0.25224E-01
    0.42197E+01    0.24590E-01
    0.42621E+01    0.23971E-01
    0.43050E+01    0.23367E-01
    0.43482E+01    0.22779E-01
    0.43919E+01    0.22205E-01
    0.44361E+01    0.21645E-01
    0.44806E+01    0.21099E-01
    0.45257E+01    0.20567E-01
    0.45712E+01    0.20048E-01
    0.46171E+01    0.19542E-01
    0.46635E+01    0.19048E-01
    0.47104E+01    0.18567E-01
    0.47577E+01    0.18097E-01
    0.48055E+01    0.17639E-01
    0.48538E+01    0.17193E-01
    0.49026E+01    0.16758E-01
    0.49519E+01    0.16333E-01
    0.50016E+01    0.15920E-01
    0.50519E+01    0.15516E-01
    0.51027E+01    0.15123E-01
    0.51540E+01    0.14739E-01
    0.52058E+01    0.14365E-01
    0.52581E+01    0.14001E-01
    0.53109E+01    0.13645E-01
    0.53643E+01    0.13299E-01
    0.54182E+01    0.12961E-01
    0.54727E+01    0.12631E-01
    0.55277E+01    0.12310E-01
    0.55832E+01    0.11997E-01
    0.56393E+01    0.11691E-01
    0.56960E+01    0.11394E-01
    0.57533E+01    0.11103E-01
    0.58111E+01    0.10821E-01
    0.58695E+01    0.10545E-01
    0.59285E+01    0.10276E-01
    0.59881E+01    0.10014E-01
    0.60482E+01    0.97582E-02
    0.61090E+01    0.95090E-02
    0.61704E+01    0.92662E-02
    0.62324E+01    0.90295E-02
    0.62951E+01    0.87987E-02
    0.63583E+01    0.85738E-02
    0.64222E+01    0.83545E-02
    0.64868E+01    0.81408E-02
    0.65520E+01    0.79325E-02
    0.66178E+01    0.77294E-02
    0.66843E+01    0.75314E-02
    0.67515E+01    0.73384E-02
    0.68194E+01    0.71504E-02
    0.68879E+01    0.69670E-02
    0.69571E+01    0.67883E-02
    0.70270E+01    0.66142E-02
    0.70977E+01    0.64444E-02
    0.71690E+01    0.62790E-02
    0.72411E+01    0.61177E-02
    0.73138E+01    0.59606E-02
    0.73873E+01    0.58074E-02
    0.74616E+01    0.56581E-02
    0.75366E+01    0.55125E-02
    0.76123E+01    0.53707E-02
    0.76888E+01    0.52325E-02
    0.77661E+01    0.50978E-02
    0.78441E+01    0.49665E-02
    0.79230E+01    0.48386E-02
    0.80026E+01    0.47139E-02
    0.80830E+01    0.45924E-02
    0.81643E+01    0.44740E-02
    0.82463E+01    0.43586E-02
    0.83292E+01    0.42461E-02
    0.84129E+01    0.41365E-02
    0.84975E+01    0.40297E-02
    0.85829E+01    0.39256E-02
    0.86691E+01    0.38242E-02
    0.87562E+01    0.37254E-02
    0.88442E+01    0.36291E-02
    0.89331E+01    0.35352E-02
    0.90229E+01    0.34438E-02
    0.91136E+01    0.33546E-02
    0.92052E+01    0.32678E-02
    0.92977E+01    0.31832E-02
    0.93911E+01    0.31007E-02
    0.94855E+01    0.30204E-02
    0.95809E+01    0.29421E-02
    0.96771E+01    0.28658E-02
    0.97744E+01    0.27915E-02
    0.98726E+01    0.27191E-02
    0.99719E+01    0.26485E-02
    0.10072E+02    0.25798E-02
