    0.10027E-04    0.14577E+00
    0.10128E-04    0.14718E+00
    0.10230E-04    0.14860E+00
    0.10332E-04    0.15003E+00
    0.10436E-04    0.15148E+00
    0.10541E-04    0.15294E+00
    0.10647E-04    0.15441E+00
    0.10754E-04    0.15590E+00
    0.10862E-04    0.15741E+00
    0.10971E-04    0.15893E+00
    0.11082E-04    0.16046E+00
    0.11193E-04    0.16201E+00
    0.11305E-04    0.16357E+00
    0.11419E-04    0.16515E+00
    0.11534E-04    0.16674E+00
    0.11650E-04    0.16835E+00
    0.11767E-04    0.16997E+00
    0.11885E-04    0.17161E+00
    0.12004E-04    0.17327E+00
    0.12125E-04    0.17494E+00
    0.12247E-04    0.17663E+00
    0.12370E-04    0.17833E+00
    0.12494E-04    0.18005E+00
    0.12620E-04    0.18179E+00
    0.12747E-04    0.18354E+00
    0.12875E-04    0.18531E+00
    0.13004E-04    0.18710E+00
    0.13135E-04    0.18890E+00
    0.13267E-04    0.19073E+00
    0.13400E-04    0.19257E+00
    0.13535E-04    0.19442E+00
    0.13671E-04    0.19630E+00
    0.13808E-04    0.19819E+00
    0.13947E-04    0.20010E+00
    0.14087E-04    0.20203E+00
    0.14229E-04    0.20398E+00
    0.14372E-04    0.20595E+00
    0.14516E-04    0.20794E+00
    0.14662E-04    0.20994E+00
    0.14810E-04    0.21197E+00
    0.14958E-04    0.21401E+00
    0.15109E-04    0.21608E+00
    0.15261E-04    0.21816E+00
    0.15414E-04    0.22027E+00
    0.15569E-04    0.22239E+00
    0.15725E-04    0.22454E+00
    0.15883E-04    0.22670E+00
    0.16043E-04    0.22889E+00
    0.16204E-04    0.23110E+00
    0.16367E-04    0.23333E+00
    0.16532E-04    0.23558E+00
    0.16698E-04    0.23785E+00
    0.16866E-04    0.24014E+00
    0.17035E-04    0.24246E+00
    0.17206E-04    0.24480E+00
    0.17379E-04    0.24716E+00
    0.17554E-04    0.24954E+00
    0.17730E-04    0.25195E+00
    0.17909E-04    0.25438E+00
    0.18089E-04    0.25684E+00
    0.18270E-04    0.25931E+00
    0.18454E-04    0.26181E+00
    0.18639E-04    0.26434E+00
    0.18827E-04    0.26689E+00
    0.19016E-04    0.26946E+00
    0.19207E-04    0.27206E+00
    0.19400E-04    0.27469E+00
    0.19595E-04    0.27734E+00
    0.19792E-04    0.28001E+00
    0.19991E-04    0.28271E+00
    0.20192E-04    0.28544E+00
    0.20395E-04    0.28819E+00
    0.20600E-04    0.29097E+00
    0.20807E-04    0.29378E+00
    0.21016E-04    0.29661E+00
    0.21227E-04    0.29948E+00
    0.21440E-04    0.30236E+00
    0.21656E-04    0.30528E+00
    0.21874E-04    0.30823E+00
    0.22093E-04    0.31120E+00
    0.22315E-04    0.31420E+00
    0.22540E-04    0.31723E+00
    0.22766E-04    0.32029E+00
    0.22995E-04    0.32338E+00
    0.23226E-04    0.32650E+00
    0.23460E-04    0.32965E+00
    0.23695E-04    0.33283E+00
    0.23933E-04    0.33604E+00
    0.24174E-04    0.33928E+00
    0.24417E-04    0.34256E+00
    0.24662E-04    0.34586E+00
    0.24910E-04    0.34920E+00
    0.25161E-04    0.35256E+00
    0.25413E-04    0.35596E+00
    0.25669E-04    0.35940E+00
    0.25927E-04    0.36287E+00
    0.26187E-04    0.36637E+00
    0.26451E-04    0.36990E+00
    0.26716E-04    0.37347E+00
    0.26985E-04    0.37707E+00
    0.27256E-04    0.38071E+00
    0.27530E-04    0.38438E+00
    0.27807E-04    0.38809E+00
    0.28086E-04    0.39183E+00
    0.28368E-04    0.39561E+00
    0.28654E-04    0.39943E+00
    0.28942E-04    0.40328E+00
    0.29232E-04    0.40717E+00
    0.29526E-04    0.41110E+00
    0.29823E-04    0.41506E+00
    0.30123E-04    0.41907E+00
    0.30425E-04    0.42311E+00
    0.30731E-04    0.42719E+00
    0.31040E-04    0.43131E+00
    0.31352E-04    0.43547E+00
    0.31667E-04    0.43967E+00
    0.31985E-04    0.44391E+00
    0.32307E-04    0.44819E+00
    0.32631E-04    0.45252E+00
    0.32959E-04    0.45688E+00
    0.33291E-04    0.46129E+00
    0.33625E-04    0.46574E+00
    0.33963E-04    0.47023E+00
    0.34305E-04    0.47477E+00
    0.34649E-04    0.47935E+00
    0.34998E-04    0.48397E+00
    0.35349E-04    0.48864E+00
    0.35705E-04    0.49335E+00
    0.36063E-04    0.49811E+00
    0.36426E-04    0.50292E+00
    0.36792E-04    0.50777E+00
    0.37162E-04    0.51267E+00
    0.37535E-04    0.51761E+00
    0.37912E-04    0.52260E+00
    0.38293E-04    0.52764E+00
    0.38678E-04    0.53273E+00
    0.39067E-04    0.53787E+00
    0.39460E-04    0.54306E+00
    0.39856E-04    0.54830E+00
    0.40257E-04    0.55359E+00
    0.40661E-04    0.55893E+00
    0.41070E-04    0.56432E+00
    0.41483E-04    0.56976E+00
    0.41900E-04    0.57526E+00
    0.42321E-04    0.58081E+00
    0.42746E-04    0.58641E+00
    0.43176E-04    0.59207E+00
    0.43610E-04    0.59778E+00
    0.44048E-04    0.60354E+00
    0.44491E-04    0.60936E+00
    0.44938E-04    0.61524E+00
    0.45389E-04    0.62118E+00
    0.45846E-04    0.62717E+00
    0.46306E-04    0.63322E+00
    0.46772E-04    0.63933E+00
    0.47242E-04    0.64549E+00
    0.47717E-04    0.65172E+00
    0.48196E-04    0.65800E+00
    0.48680E-04    0.66435E+00
    0.49170E-04    0.67076E+00
    0.49664E-04    0.67723E+00
    0.50163E-04    0.68376E+00
    0.50667E-04    0.69036E+00
    0.51176E-04    0.69702E+00
    0.51691E-04    0.70374E+00
    0.52210E-04    0.71053E+00
    0.52735E-04    0.71738E+00
    0.53265E-04    0.72430E+00
    0.53800E-04    0.73129E+00
    0.54341E-04    0.73834E+00
    0.54887E-04    0.74546E+00
    0.55439E-04    0.75265E+00
    0.55996E-04    0.75991E+00
    0.56559E-04    0.76724E+00
    0.57127E-04    0.77464E+00
    0.57701E-04    0.78211E+00
    0.58281E-04    0.78966E+00
    0.58867E-04    0.79727E+00
    0.59458E-04    0.80496E+00
    0.60056E-04    0.81273E+00
    0.60660E-04    0.82057E+00
    0.61269E-04    0.82848E+00
    0.61885E-04    0.83647E+00
    0.62507E-04    0.84454E+00
    0.63135E-04    0.85269E+00
    0.63770E-04    0.86091E+00
    0.64411E-04    0.86922E+00
    0.65058E-04    0.87760E+00
    0.65712E-04    0.88606E+00
    0.66372E-04    0.89461E+00
    0.67039E-04    0.90324E+00
    0.67713E-04    0.91195E+00
    0.68393E-04    0.92075E+00
    0.69081E-04    0.92963E+00
    0.69775E-04    0.93859E+00
    0.70476E-04    0.94765E+00
    0.71185E-04    0.95679E+00
    0.71900E-04    0.96601E+00
    0.72623E-04    0.97533E+00
    0.73353E-04    0.98474E+00
    0.74090E-04    0.99424E+00
    0.74834E-04    0.10038E+01
    0.75586E-04    0.10135E+01
    0.76346E-04    0.10233E+01
    0.77113E-04    0.10332E+01
    0.77888E-04    0.10431E+01
    0.78671E-04    0.10532E+01
    0.79462E-04    0.10633E+01
    0.80260E-04    0.10736E+01
    0.81067E-04    0.10839E+01
    0.81882E-04    0.10944E+01
    0.82705E-04    0.11050E+01
    0.83536E-04    0.11156E+01
    0.84376E-04    0.11264E+01
    0.85224E-04    0.11372E+01
    0.86080E-04    0.11482E+01
    0.86945E-04    0.11593E+01
    0.87819E-04    0.11705E+01
    0.88702E-04    0.11817E+01
    0.89593E-04    0.11931E+01
    0.90493E-04    0.12046E+01
    0.91403E-04    0.12163E+01
    0.92322E-04    0.12280E+01
    0.93249E-04    0.12398E+01
    0.94187E-04    0.12518E+01
    0.95133E-04    0.12639E+01
    0.96089E-04    0.12761E+01
    0.97055E-04    0.12884E+01
    0.98030E-04    0.13008E+01
    0.99016E-04    0.13133E+01
    0.10001E-03    0.13260E+01
    0.10102E-03    0.13388E+01
    0.10203E-03    0.13517E+01
    0.10306E-03    0.13647E+01
    0.10409E-03    0.13779E+01
    0.10514E-03    0.13912E+01
    0.10620E-03    0.14046E+01
    0.10726E-03    0.14181E+01
    0.10834E-03    0.14318E+01
    0.10943E-03    0.14456E+01
    0.11053E-03    0.14596E+01
    0.11164E-03    0.14736E+01
    0.11276E-03    0.14879E+01
    0.11390E-03    0.15022E+01
    0.11504E-03    0.15167E+01
    0.11620E-03    0.15313E+01
    0.11736E-03    0.15461E+01
    0.11854E-03    0.15610E+01
    0.11973E-03    0.15760E+01
    0.12094E-03    0.15912E+01
    0.12215E-03    0.16066E+01
    0.12338E-03    0.16221E+01
    0.12462E-03    0.16377E+01
    0.12587E-03    0.16535E+01
    0.12714E-03    0.16695E+01
    0.12842E-03    0.16855E+01
    0.12971E-03    0.17018E+01
    0.13101E-03    0.17182E+01
    0.13233E-03    0.17348E+01
    0.13366E-03    0.17515E+01
    0.13500E-03    0.17684E+01
    0.13636E-03    0.17854E+01
    0.13773E-03    0.18027E+01
    0.13911E-03    0.18200E+01
    0.14051E-03    0.18376E+01
    0.14192E-03    0.18553E+01
    0.14335E-03    0.18732E+01
    0.14479E-03    0.18913E+01
    0.14624E-03    0.19095E+01
    0.14771E-03    0.19279E+01
    0.14920E-03    0.19465E+01
    0.15070E-03    0.19652E+01
    0.15221E-03    0.19842E+01
    0.15374E-03    0.20033E+01
    0.15529E-03    0.20226E+01
    0.15685E-03    0.20421E+01
    0.15842E-03    0.20618E+01
    0.16002E-03    0.20817E+01
    0.16162E-03    0.21018E+01
    0.16325E-03    0.21220E+01
    0.16489E-03    0.21425E+01
    0.16655E-03    0.21631E+01
    0.16822E-03    0.21840E+01
    0.16991E-03    0.22050E+01
    0.17162E-03    0.22263E+01
    0.17334E-03    0.22478E+01
    0.17509E-03    0.22694E+01
    0.17685E-03    0.22913E+01
    0.17862E-03    0.23134E+01
    0.18042E-03    0.23357E+01
    0.18223E-03    0.23582E+01
    0.18406E-03    0.23809E+01
    0.18591E-03    0.24039E+01
    0.18778E-03    0.24270E+01
    0.18967E-03    0.24504E+01
    0.19157E-03    0.24740E+01
    0.19350E-03    0.24979E+01
    0.19544E-03    0.25220E+01
    0.19741E-03    0.25463E+01
    0.19939E-03    0.25708E+01
    0.20140E-03    0.25956E+01
    0.20342E-03    0.26206E+01
    0.20547E-03    0.26458E+01
    0.20753E-03    0.26713E+01
    0.20962E-03    0.26971E+01
    0.21172E-03    0.27231E+01
    0.21385E-03    0.27493E+01
    0.21600E-03    0.27758E+01
    0.21817E-03    0.28025E+01
    0.22036E-03    0.28295E+01
    0.22258E-03    0.28568E+01
    0.22481E-03    0.28843E+01
    0.22707E-03    0.29121E+01
    0.22936E-03    0.29402E+01
    0.23166E-03    0.29685E+01
    0.23399E-03    0.29971E+01
    0.23634E-03    0.30260E+01
    0.23872E-03    0.30551E+01
    0.24112E-03    0.30845E+01
    0.24354E-03    0.31143E+01
    0.24599E-03    0.31442E+01
    0.24846E-03    0.31745E+01
    0.25096E-03    0.32051E+01
    0.25348E-03    0.32360E+01
    0.25603E-03    0.32671E+01
    0.25860E-03    0.32986E+01
    0.26120E-03    0.33304E+01
    0.26382E-03    0.33624E+01
    0.26647E-03    0.33948E+01
    0.26915E-03    0.34275E+01
    0.27186E-03    0.34605E+01
    0.27459E-03    0.34938E+01
    0.27735E-03    0.35275E+01
    0.28014E-03    0.35614E+01
    0.28295E-03    0.35957E+01
    0.28580E-03    0.36303E+01
    0.28867E-03    0.36653E+01
    0.29157E-03    0.37006E+01
    0.29450E-03    0.37362E+01
    0.29746E-03    0.37722E+01
    0.30045E-03    0.38085E+01
    0.30347E-03    0.38451E+01
    0.30652E-03    0.38821E+01
    0.30960E-03    0.39195E+01
    0.31271E-03    0.39572E+01
    0.31585E-03    0.39953E+01
    0.31903E-03    0.40337E+01
    0.32223E-03    0.40725E+01
    0.32547E-03    0.41117E+01
    0.32874E-03    0.41513E+01
    0.33205E-03    0.41912E+01
    0.33538E-03    0.42315E+01
    0.33876E-03    0.42723E+01
    0.34216E-03    0.43133E+01
    0.34560E-03    0.43548E+01
    0.34907E-03    0.43967E+01
    0.35258E-03    0.44390E+01
    0.35612E-03    0.44817E+01
    0.35970E-03    0.45248E+01
    0.36332E-03    0.45683E+01
    0.36697E-03    0.46122E+01
    0.37066E-03    0.46566E+01
    0.37438E-03    0.47013E+01
    0.37814E-03    0.47465E+01
    0.38195E-03    0.47921E+01
    0.38578E-03    0.48382E+01
    0.38966E-03    0.48847E+01
    0.39358E-03    0.49316E+01
    0.39753E-03    0.49790E+01
    0.40153E-03    0.50269E+01
    0.40556E-03    0.50752E+01
    0.40964E-03    0.51239E+01
    0.41376E-03    0.51732E+01
    0.41791E-03    0.52228E+01
    0.42211E-03    0.52730E+01
    0.42636E-03    0.53236E+01
    0.43064E-03    0.53748E+01
    0.43497E-03    0.54264E+01
    0.43934E-03    0.54785E+01
    0.44376E-03    0.55311E+01
    0.44822E-03    0.55842E+01
    0.45272E-03    0.56378E+01
    0.45727E-03    0.56919E+01
    0.46187E-03    0.57465E+01
    0.46651E-03    0.58016E+01
    0.47120E-03    0.58573E+01
    0.47593E-03    0.59135E+01
    0.48072E-03    0.59702E+01
    0.48555E-03    0.60275E+01
    0.49043E-03    0.60853E+01
    0.49536E-03    0.61437E+01
    0.50033E-03    0.62026E+01
    0.50536E-03    0.62620E+01
    0.51044E-03    0.63220E+01
    0.51557E-03    0.63826E+01
    0.52075E-03    0.64438E+01
    0.52599E-03    0.65056E+01
    0.53127E-03    0.65679E+01
    0.53661E-03    0.66308E+01
    0.54201E-03    0.66943E+01
    0.54745E-03    0.67584E+01
    0.55296E-03    0.68231E+01
    0.55851E-03    0.68885E+01
    0.56413E-03    0.69544E+01
    0.56980E-03    0.70210E+01
    0.57552E-03    0.70881E+01
    0.58131E-03    0.71560E+01
    0.58715E-03    0.72244E+01
    0.59305E-03    0.72935E+01
    0.59901E-03    0.73633E+01
    0.60503E-03    0.74337E+01
    0.61111E-03    0.75047E+01
    0.61725E-03    0.75765E+01
    0.62346E-03    0.76489E+01
    0.62972E-03    0.77220E+01
    0.63605E-03    0.77957E+01
    0.64244E-03    0.78702E+01
    0.64890E-03    0.79453E+01
    0.65542E-03    0.80212E+01
    0.66201E-03    0.80978E+01
    0.66866E-03    0.81750E+01
    0.67538E-03    0.82530E+01
    0.68217E-03    0.83318E+01
    0.68902E-03    0.84112E+01
    0.69595E-03    0.84914E+01
    0.70294E-03    0.85724E+01
    0.71001E-03    0.86541E+01
    0.71714E-03    0.87365E+01
    0.72435E-03    0.88197E+01
    0.73163E-03    0.89037E+01
    0.73898E-03    0.89885E+01
    0.74641E-03    0.90741E+01
    0.75391E-03    0.91604E+01
    0.76149E-03    0.92476E+01
    0.76914E-03    0.93355E+01
    0.77687E-03    0.94243E+01
    0.78468E-03    0.95139E+01
    0.79257E-03    0.96043E+01
    0.80053E-03    0.96955E+01
    0.80858E-03    0.97876E+01
    0.81670E-03    0.98805E+01
    0.82491E-03    0.99743E+01
    0.83320E-03    0.10069E+02
    0.84158E-03    0.10164E+02
    0.85003E-03    0.10261E+02
    0.85858E-03    0.10358E+02
    0.86721E-03    0.10456E+02
    0.87592E-03    0.10555E+02
    0.88473E-03    0.10655E+02
    0.89362E-03    0.10756E+02
    0.90260E-03    0.10858E+02
    0.91167E-03    0.10960E+02
    0.92083E-03    0.11064E+02
    0.93009E-03    0.11169E+02
    0.93943E-03    0.11274E+02
    0.94888E-03    0.11381E+02
    0.95841E-03    0.11488E+02
    0.96804E-03    0.11596E+02
    0.97777E-03    0.11706E+02
    0.98760E-03    0.11816E+02
    0.99753E-03    0.11927E+02
    0.10076E-02    0.12040E+02
    0.10177E-02    0.12153E+02
    0.10279E-02    0.12267E+02
    0.10382E-02    0.12383E+02
    0.10487E-02    0.12499E+02
    0.10592E-02    0.12617E+02
    0.10699E-02    0.12735E+02
    0.10806E-02    0.12855E+02
    0.10915E-02    0.12975E+02
    0.11024E-02    0.13097E+02
    0.11135E-02    0.13220E+02
    0.11247E-02    0.13343E+02
    0.11360E-02    0.13468E+02
    0.11474E-02    0.13594E+02
    0.11590E-02    0.13721E+02
    0.11706E-02    0.13849E+02
    0.11824E-02    0.13979E+02
    0.11943E-02    0.14109E+02
    0.12063E-02    0.14241E+02
    0.12184E-02    0.14373E+02
    0.12306E-02    0.14507E+02
    0.12430E-02    0.14642E+02
    0.12555E-02    0.14778E+02
    0.12681E-02    0.14916E+02
    0.12808E-02    0.15054E+02
    0.12937E-02    0.15194E+02
    0.13067E-02    0.15335E+02
    0.13199E-02    0.15477E+02
    0.13331E-02    0.15620E+02
    0.13465E-02    0.15765E+02
    0.13601E-02    0.15910E+02
    0.13737E-02    0.16057E+02
    0.13875E-02    0.16205E+02
    0.14015E-02    0.16355E+02
    0.14156E-02    0.16506E+02
    0.14298E-02    0.16657E+02
    0.14442E-02    0.16811E+02
    0.14587E-02    0.16965E+02
    0.14733E-02    0.17121E+02
    0.14881E-02    0.17278E+02
    0.15031E-02    0.17436E+02
    0.15182E-02    0.17596E+02
    0.15335E-02    0.17757E+02
    0.15489E-02    0.17919E+02
    0.15644E-02    0.18082E+02
    0.15802E-02    0.18247E+02
    0.15960E-02    0.18413E+02
    0.16121E-02    0.18581E+02
    0.16283E-02    0.18750E+02
    0.16446E-02    0.18920E+02
    0.16612E-02    0.19091E+02
    0.16779E-02    0.19264E+02
    0.16947E-02    0.19438E+02
    0.17118E-02    0.19614E+02
    0.17290E-02    0.19791E+02
    0.17463E-02    0.19969E+02
    0.17639E-02    0.20149E+02
    0.17816E-02    0.20330E+02
    0.17995E-02    0.20513E+02
    0.18176E-02    0.20697E+02
    0.18359E-02    0.20882E+02
    0.18543E-02    0.21069E+02
    0.18730E-02    0.21257E+02
    0.18918E-02    0.21446E+02
    0.19108E-02    0.21637E+02
    0.19300E-02    0.21829E+02
    0.19494E-02    0.22023E+02
    0.19690E-02    0.22218E+02
    0.19888E-02    0.22415E+02
    0.20088E-02    0.22613E+02
    0.20290E-02    0.22813E+02
    0.20493E-02    0.23013E+02
    0.20699E-02    0.23216E+02
    0.20907E-02    0.23420E+02
    0.21118E-02    0.23625E+02
    0.21330E-02    0.23832E+02
    0.21544E-02    0.24040E+02
    0.21761E-02    0.24249E+02
    0.21979E-02    0.24460E+02
    0.22200E-02    0.24673E+02
    0.22423E-02    0.24887E+02
    0.22649E-02    0.25102E+02
    0.22876E-02    0.25319E+02
    0.23106E-02    0.25537E+02
    0.23339E-02    0.25757E+02
    0.23573E-02    0.25978E+02
    0.23810E-02    0.26201E+02
    0.24049E-02    0.26425E+02
    0.24291E-02    0.26651E+02
    0.24535E-02    0.26878E+02
    0.24782E-02    0.27106E+02
    0.25031E-02    0.27336E+02
    0.25282E-02    0.27568E+02
    0.25536E-02    0.27800E+02
    0.25793E-02    0.28035E+02
    0.26052E-02    0.28270E+02
    0.26314E-02    0.28508E+02
    0.26579E-02    0.28746E+02
    0.26846E-02    0.28986E+02
    0.27116E-02    0.29227E+02
    0.27388E-02    0.29470E+02
    0.27663E-02    0.29715E+02
    0.27941E-02    0.29960E+02
    0.28222E-02    0.30207E+02
    0.28506E-02    0.30456E+02
    0.28792E-02    0.30706E+02
    0.29082E-02    0.30957E+02
    0.29374E-02    0.31209E+02
    0.29669E-02    0.31463E+02
    0.29967E-02    0.31719E+02
    0.30268E-02    0.31975E+02
    0.30573E-02    0.32234E+02
    0.30880E-02    0.32493E+02
    0.31190E-02    0.32754E+02
    0.31504E-02    0.33016E+02
    0.31820E-02    0.33279E+02
    0.32140E-02    0.33544E+02
    0.32463E-02    0.33810E+02
    0.32789E-02    0.34078E+02
    0.33119E-02    0.34346E+02
    0.33452E-02    0.34616E+02
    0.33788E-02    0.34887E+02
    0.34128E-02    0.35160E+02
    0.34471E-02    0.35434E+02
    0.34817E-02    0.35709E+02
    0.35167E-02    0.35985E+02
    0.35520E-02    0.36262E+02
    0.35877E-02    0.36541E+02
    0.36238E-02    0.36821E+02
    0.36602E-02    0.37102E+02
    0.36970E-02    0.37384E+02
    0.37342E-02    0.37667E+02
    0.37717E-02    0.37951E+02
    0.38096E-02    0.38237E+02
    0.38479E-02    0.38524E+02
    0.38866E-02    0.38811E+02
    0.39256E-02    0.39100E+02
    0.39651E-02    0.39390E+02
    0.40049E-02    0.39681E+02
    0.40452E-02    0.39973E+02
    0.40858E-02    0.40266E+02
    0.41269E-02    0.40560E+02
    0.41684E-02    0.40855E+02
    0.42102E-02    0.41151E+02
    0.42526E-02    0.41448E+02
    0.42953E-02    0.41746E+02
    0.43385E-02    0.42044E+02
    0.43821E-02    0.42344E+02
    0.44261E-02    0.42644E+02
    0.44706E-02    0.42945E+02
    0.45155E-02    0.43247E+02
    0.45609E-02    0.43550E+02
    0.46067E-02    0.43854E+02
    0.46530E-02    0.44158E+02
    0.46998E-02    0.44463E+02
    0.47470E-02    0.44769E+02
    0.47948E-02    0.45075E+02
    0.48429E-02    0.45382E+02
    0.48916E-02    0.45690E+02
    0.49408E-02    0.45998E+02
    0.49904E-02    0.46307E+02
    0.50406E-02    0.46616E+02
    0.50912E-02    0.46926E+02
    0.51424E-02    0.47236E+02
    0.51941E-02    0.47547E+02
    0.52463E-02    0.47858E+02
    0.52990E-02    0.48170E+02
    0.53523E-02    0.48481E+02
    0.54061E-02    0.48793E+02
    0.54604E-02    0.49106E+02
    0.55153E-02    0.49418E+02
    0.55707E-02    0.49731E+02
    0.56267E-02    0.50044E+02
    0.56832E-02    0.50357E+02
    0.57404E-02    0.50670E+02
    0.57981E-02    0.50983E+02
    0.58563E-02    0.51296E+02
    0.59152E-02    0.51609E+02
    0.59746E-02    0.51922E+02
    0.60347E-02    0.52235E+02
    0.60953E-02    0.52547E+02
    0.61566E-02    0.52860E+02
    0.62185E-02    0.53172E+02
    0.62810E-02    0.53483E+02
    0.63441E-02    0.53795E+02
    0.64078E-02    0.54106E+02
    0.64722E-02    0.54416E+02
    0.65373E-02    0.54726E+02
    0.66030E-02    0.55035E+02
    0.66693E-02    0.55344E+02
    0.67364E-02    0.55652E+02
    0.68041E-02    0.55960E+02
    0.68725E-02    0.56266E+02
    0.69415E-02    0.56572E+02
    0.70113E-02    0.56877E+02
    0.70818E-02    0.57181E+02
    0.71529E-02    0.57483E+02
    0.72248E-02    0.57785E+02
    0.72974E-02    0.58086E+02
    0.73708E-02    0.58385E+02
    0.74448E-02    0.58684E+02
    0.75197E-02    0.58981E+02
    0.75952E-02    0.59276E+02
    0.76716E-02    0.59570E+02
    0.77487E-02    0.59863E+02
    0.78266E-02    0.60154E+02
    0.79052E-02    0.60443E+02
    0.79847E-02    0.60731E+02
    0.80649E-02    0.61017E+02
    0.81460E-02    0.61301E+02
    0.82278E-02    0.61584E+02
    0.83105E-02    0.61864E+02
    0.83940E-02    0.62142E+02
    0.84784E-02    0.62418E+02
    0.85636E-02    0.62692E+02
    0.86497E-02    0.62964E+02
    0.87366E-02    0.63234E+02
    0.88244E-02    0.63501E+02
    0.89131E-02    0.63765E+02
    0.90027E-02    0.64027E+02
    0.90932E-02    0.64286E+02
    0.91845E-02    0.64543E+02
    0.92768E-02    0.64796E+02
    0.93701E-02    0.65047E+02
    0.94643E-02    0.65295E+02
    0.95594E-02    0.65540E+02
    0.96554E-02    0.65782E+02
    0.97525E-02    0.66020E+02
    0.98505E-02    0.66255E+02
    0.99495E-02    0.66487E+02
    0.10049E-01    0.66715E+02
    0.10150E-01    0.66940E+02
    0.10253E-01    0.67161E+02
    0.10356E-01    0.67378E+02
    0.10460E-01    0.67592E+02
    0.10565E-01    0.67801E+02
    0.10671E-01    0.68007E+02
    0.10778E-01    0.68208E+02
    0.10886E-01    0.68405E+02
    0.10996E-01    0.68598E+02
    0.11106E-01    0.68787E+02
    0.11218E-01    0.68971E+02
    0.11331E-01    0.69150E+02
    0.11445E-01    0.69325E+02
    0.11560E-01    0.69495E+02
    0.11676E-01    0.69660E+02
    0.11793E-01    0.69820E+02
    0.11912E-01    0.69975E+02
    0.12031E-01    0.70125E+02
    0.12152E-01    0.70270E+02
    0.12274E-01    0.70409E+02
    0.12398E-01    0.70543E+02
    0.12522E-01    0.70671E+02
    0.12648E-01    0.70794E+02
    0.12775E-01    0.70911E+02
    0.12904E-01    0.71022E+02
    0.13033E-01    0.71127E+02
    0.13164E-01    0.71226E+02
    0.13297E-01    0.71319E+02
    0.13430E-01    0.71406E+02
    0.13565E-01    0.71486E+02
    0.13702E-01    0.71560E+02
    0.13839E-01    0.71627E+02
    0.13979E-01    0.71688E+02
    0.14119E-01    0.71742E+02
    0.14261E-01    0.71789E+02
    0.14404E-01    0.71830E+02
    0.14549E-01    0.71863E+02
    0.14695E-01    0.71889E+02
    0.14843E-01    0.71908E+02
    0.14992E-01    0.71920E+02
    0.15143E-01    0.71925E+02
    0.15295E-01    0.71922E+02
    0.15449E-01    0.71911E+02
    0.15604E-01    0.71893E+02
    0.15761E-01    0.71867E+02
    0.15919E-01    0.71834E+02
    0.16079E-01    0.71792E+02
    0.16241E-01    0.71743E+02
    0.16404E-01    0.71686E+02
    0.16569E-01    0.71620E+02
    0.16735E-01    0.71547E+02
    0.16904E-01    0.71465E+02
    0.17073E-01    0.71376E+02
    0.17245E-01    0.71277E+02
    0.17418E-01    0.71171E+02
    0.17593E-01    0.71056E+02
    0.17770E-01    0.70933E+02
    0.17949E-01    0.70801E+02
    0.18129E-01    0.70660E+02
    0.18311E-01    0.70511E+02
    0.18495E-01    0.70354E+02
    0.18681E-01    0.70188E+02
    0.18869E-01    0.70013E+02
    0.19059E-01    0.69829E+02
    0.19250E-01    0.69637E+02
    0.19444E-01    0.69436E+02
    0.19639E-01    0.69227E+02
    0.19836E-01    0.69009E+02
    0.20036E-01    0.68782E+02
    0.20237E-01    0.68546E+02
    0.20441E-01    0.68302E+02
    0.20646E-01    0.68049E+02
    0.20853E-01    0.67788E+02
    0.21063E-01    0.67518E+02
    0.21275E-01    0.67239E+02
    0.21489E-01    0.66952E+02
    0.21705E-01    0.66657E+02
    0.21923E-01    0.66353E+02
    0.22143E-01    0.66041E+02
    0.22366E-01    0.65721E+02
    0.22590E-01    0.65393E+02
    0.22817E-01    0.65056E+02
    0.23047E-01    0.64712E+02
    0.23278E-01    0.64360E+02
    0.23512E-01    0.64001E+02
    0.23749E-01    0.63634E+02
    0.23987E-01    0.63259E+02
    0.24228E-01    0.62877E+02
    0.24472E-01    0.62488E+02
    0.24718E-01    0.62092E+02
    0.24966E-01    0.61689E+02
    0.25217E-01    0.61280E+02
    0.25471E-01    0.60864E+02
    0.25727E-01    0.60442E+02
    0.25985E-01    0.60014E+02
    0.26246E-01    0.59580E+02
    0.26510E-01    0.59141E+02
    0.26776E-01    0.58696E+02
    0.27046E-01    0.58246E+02
    0.27317E-01    0.57791E+02
    0.27592E-01    0.57331E+02
    0.27869E-01    0.56867E+02
    0.28149E-01    0.56399E+02
    0.28432E-01    0.55927E+02
    0.28718E-01    0.55451E+02
    0.29007E-01    0.54972E+02
    0.29298E-01    0.54490E+02
    0.29593E-01    0.54005E+02
    0.29890E-01    0.53518E+02
    0.30190E-01    0.53029E+02
    0.30494E-01    0.52538E+02
    0.30800E-01    0.52045E+02
    0.31110E-01    0.51552E+02
    0.31422E-01    0.51057E+02
    0.31738E-01    0.50563E+02
    0.32057E-01    0.50067E+02
    0.32379E-01    0.49573E+02
    0.32705E-01    0.49078E+02
    0.33033E-01    0.48585E+02
    0.33365E-01    0.48093E+02
    0.33701E-01    0.47602E+02
    0.34039E-01    0.47114E+02
    0.34382E-01    0.46627E+02
    0.34727E-01    0.46143E+02
    0.35076E-01    0.45660E+02
    0.35429E-01    0.45175E+02
    0.35785E-01    0.44694E+02
    0.36144E-01    0.44217E+02
    0.36508E-01    0.43743E+02
    0.36875E-01    0.43274E+02
    0.37245E-01    0.42810E+02
    0.37619E-01    0.42352E+02
    0.37998E-01    0.41898E+02
    0.38379E-01    0.41451E+02
    0.38765E-01    0.41010E+02
    0.39155E-01    0.40576E+02
    0.39548E-01    0.40148E+02
    0.39946E-01    0.39727E+02
    0.40347E-01    0.39314E+02
    0.40753E-01    0.38908E+02
    0.41162E-01    0.38510E+02
    0.41576E-01    0.38120E+02
    0.41994E-01    0.37738E+02
    0.42416E-01    0.37364E+02
    0.42842E-01    0.36997E+02
    0.43273E-01    0.36639E+02
    0.43708E-01    0.36290E+02
    0.44147E-01    0.35948E+02
    0.44591E-01    0.35614E+02
    0.45039E-01    0.35288E+02
    0.45491E-01    0.34971E+02
    0.45949E-01    0.34660E+02
    0.46410E-01    0.34358E+02
    0.46877E-01    0.34063E+02
    0.47348E-01    0.33775E+02
    0.47824E-01    0.33494E+02
    0.48304E-01    0.33220E+02
    0.48790E-01    0.32952E+02
    0.49280E-01    0.32691E+02
    0.49775E-01    0.32436E+02
    0.50276E-01    0.32186E+02
    0.50781E-01    0.31942E+02
    0.51291E-01    0.31704E+02
    0.51807E-01    0.31474E+02
    0.52327E-01    0.31249E+02
    0.52853E-01    0.31028E+02
    0.53385E-01    0.30811E+02
    0.53921E-01    0.30598E+02
    0.54463E-01    0.30388E+02
    0.55010E-01    0.30181E+02
    0.55563E-01    0.29977E+02
    0.56122E-01    0.29775E+02
    0.56686E-01    0.29574E+02
    0.57255E-01    0.29433E+02
    0.57831E-01    0.29237E+02
    0.58412E-01    0.29041E+02
    0.58999E-01    0.28843E+02
    0.59592E-01    0.28645E+02
    0.60191E-01    0.28445E+02
    0.60796E-01    0.28242E+02
    0.61407E-01    0.28037E+02
    0.62024E-01    0.27827E+02
    0.62647E-01    0.27614E+02
    0.63277E-01    0.27397E+02
    0.63913E-01    0.27174E+02
    0.64555E-01    0.26945E+02
    0.65204E-01    0.26711E+02
    0.65859E-01    0.26469E+02
    0.66521E-01    0.26221E+02
    0.67190E-01    0.25966E+02
    0.67865E-01    0.25703E+02
    0.68547E-01    0.25432E+02
    0.69236E-01    0.25154E+02
    0.69932E-01    0.24867E+02
    0.70635E-01    0.24572E+02
    0.71345E-01    0.24269E+02
    0.72062E-01    0.23958E+02
    0.72786E-01    0.23639E+02
    0.73517E-01    0.23313E+02
    0.74256E-01    0.22980E+02
    0.75002E-01    0.22640E+02
    0.75756E-01    0.22294E+02
    0.76518E-01    0.21942E+02
    0.77287E-01    0.21586E+02
    0.78063E-01    0.21226E+02
    0.78848E-01    0.20862E+02
    0.79640E-01    0.20495E+02
    0.80441E-01    0.20127E+02
    0.81249E-01    0.19757E+02
    0.82066E-01    0.19388E+02
    0.82891E-01    0.19020E+02
    0.83724E-01    0.18653E+02
    0.84565E-01    0.18289E+02
    0.85415E-01    0.17929E+02
    0.86273E-01    0.17574E+02
    0.87141E-01    0.17224E+02
    0.88016E-01    0.16880E+02
    0.88901E-01    0.16544E+02
    0.89794E-01    0.16217E+02
    0.90697E-01    0.15898E+02
    0.91608E-01    0.15589E+02
    0.92529E-01    0.15290E+02
    0.93459E-01    0.15002E+02
    0.94398E-01    0.14726E+02
    0.95347E-01    0.14461E+02
    0.96305E-01    0.14209E+02
    0.97273E-01    0.13969E+02
    0.98251E-01    0.13741E+02
    0.99238E-01    0.13526E+02
    0.10024E+00    0.13323E+02
    0.10124E+00    0.13133E+02
    0.10226E+00    0.12954E+02
    0.10329E+00    0.12786E+02
    0.10433E+00    0.12629E+02
    0.10537E+00    0.12483E+02
    0.10643E+00    0.12346E+02
    0.10750E+00    0.12219E+02
    0.10858E+00    0.12099E+02
    0.10968E+00    0.11986E+02
    0.11078E+00    0.11880E+02
    0.11189E+00    0.11779E+02
    0.11302E+00    0.11682E+02
    0.11415E+00    0.11587E+02
    0.11530E+00    0.11493E+02
    0.11646E+00    0.11400E+02
    0.11763E+00    0.11304E+02
    0.11881E+00    0.11206E+02
    0.12000E+00    0.11104E+02
    0.12121E+00    0.10995E+02
    0.12243E+00    0.10881E+02
    0.12366E+00    0.10758E+02
    0.12490E+00    0.10628E+02
    0.12616E+00    0.10488E+02
    0.12742E+00    0.10341E+02
    0.12870E+00    0.10184E+02
    0.13000E+00    0.10020E+02
    0.13130E+00    0.98474E+01
    0.13262E+00    0.96683E+01
    0.13396E+00    0.94833E+01
    0.13530E+00    0.92933E+01
    0.13666E+00    0.90993E+01
    0.13804E+00    0.89023E+01
    0.13942E+00    0.87035E+01
    0.14083E+00    0.85040E+01
    0.14224E+00    0.83049E+01
    0.14367E+00    0.81074E+01
    0.14511E+00    0.79128E+01
    0.14657E+00    0.77223E+01
    0.14805E+00    0.75374E+01
    0.14953E+00    0.73592E+01
    0.15104E+00    0.71890E+01
    0.15255E+00    0.70278E+01
    0.15409E+00    0.68764E+01
    0.15564E+00    0.67355E+01
    0.15720E+00    0.66052E+01
    0.15878E+00    0.64855E+01
    0.16038E+00    0.63760E+01
    0.16199E+00    0.62762E+01
    0.16362E+00    0.61851E+01
    0.16526E+00    0.61020E+01
    0.16692E+00    0.60255E+01
    0.16860E+00    0.59547E+01
    0.17029E+00    0.58884E+01
    0.17200E+00    0.58254E+01
    0.17373E+00    0.57644E+01
    0.17548E+00    0.57044E+01
    0.17724E+00    0.56439E+01
    0.17902E+00    0.55819E+01
    0.18082E+00    0.55170E+01
    0.18264E+00    0.54482E+01
    0.18448E+00    0.53746E+01
    0.18633E+00    0.52955E+01
    0.18820E+00    0.52107E+01
    0.19009E+00    0.51201E+01
    0.19201E+00    0.50241E+01
    0.19393E+00    0.49234E+01
    0.19588E+00    0.48189E+01
    0.19785E+00    0.47114E+01
    0.19984E+00    0.46022E+01
    0.20185E+00    0.44923E+01
    0.20388E+00    0.43830E+01
    0.20593E+00    0.42752E+01
    0.20800E+00    0.41703E+01
    0.21009E+00    0.40692E+01
    0.21220E+00    0.39731E+01
    0.21433E+00    0.38827E+01
    0.21649E+00    0.37986E+01
    0.21866E+00    0.37212E+01
    0.22086E+00    0.36505E+01
    0.22308E+00    0.35860E+01
    0.22532E+00    0.35271E+01
    0.22758E+00    0.34731E+01
    0.22987E+00    0.34228E+01
    0.23218E+00    0.33753E+01
    0.23452E+00    0.33296E+01
    0.23687E+00    0.32847E+01
    0.23925E+00    0.32396E+01
    0.24166E+00    0.31937E+01
    0.24409E+00    0.31459E+01
    0.24654E+00    0.30958E+01
    0.24902E+00    0.30430E+01
    0.25152E+00    0.29871E+01
    0.25405E+00    0.29283E+01
    0.25660E+00    0.28671E+01
    0.25918E+00    0.28042E+01
    0.26178E+00    0.27403E+01
    0.26442E+00    0.26764E+01
    0.26707E+00    0.26134E+01
    0.26976E+00    0.25519E+01
    0.27247E+00    0.24928E+01
    0.27521E+00    0.24365E+01
    0.27797E+00    0.23834E+01
    0.28077E+00    0.23338E+01
    0.28359E+00    0.22876E+01
    0.28644E+00    0.22447E+01
    0.28932E+00    0.22048E+01
    0.29222E+00    0.21673E+01
    0.29516E+00    0.21315E+01
    0.29813E+00    0.20967E+01
    0.30112E+00    0.20622E+01
    0.30415E+00    0.20275E+01
    0.30721E+00    0.19922E+01
    0.31029E+00    0.19558E+01
    0.31341E+00    0.19182E+01
    0.31656E+00    0.18795E+01
    0.31974E+00    0.18399E+01
    0.32296E+00    0.17997E+01
    0.32620E+00    0.17595E+01
    0.32948E+00    0.17198E+01
    0.33279E+00    0.16811E+01
    0.33614E+00    0.16438E+01
    0.33952E+00    0.16080E+01
    0.34293E+00    0.15740E+01
    0.34638E+00    0.15418E+01
    0.34986E+00    0.15114E+01
    0.35337E+00    0.14825E+01
    0.35692E+00    0.14548E+01
    0.36051E+00    0.14279E+01
    0.36413E+00    0.14013E+01
    0.36779E+00    0.13748E+01
    0.37149E+00    0.13482E+01
    0.37522E+00    0.13214E+01
    0.37899E+00    0.12944E+01
    0.38280E+00    0.12671E+01
    0.38665E+00    0.12397E+01
    0.39054E+00    0.12126E+01
    0.39446E+00    0.11860E+01
    0.39843E+00    0.11601E+01
    0.40243E+00    0.11350E+01
    0.40647E+00    0.11109E+01
    0.41056E+00    0.10878E+01
    0.41469E+00    0.10656E+01
    0.41885E+00    0.10442E+01
    0.42306E+00    0.10234E+01
    0.42732E+00    0.10029E+01
    0.43161E+00    0.98267E+00
    0.43595E+00    0.96258E+00
    0.44033E+00    0.94258E+00
    0.44475E+00    0.92265E+00
    0.44922E+00    0.90285E+00
    0.45374E+00    0.88328E+00
    0.45830E+00    0.86411E+00
    0.46291E+00    0.84541E+00
    0.46756E+00    0.82722E+00
    0.47226E+00    0.80958E+00
    0.47700E+00    0.79248E+00
    0.48180E+00    0.77588E+00
    0.48664E+00    0.75971E+00
    0.49153E+00    0.74384E+00
    0.49647E+00    0.72820E+00
    0.50146E+00    0.71278E+00
    0.50650E+00    0.69756E+00
    0.51159E+00    0.68252E+00
    0.51673E+00    0.66771E+00
    0.52192E+00    0.65319E+00
    0.52717E+00    0.63900E+00
    0.53247E+00    0.62516E+00
    0.53782E+00    0.61166E+00
    0.54322E+00    0.59851E+00
    0.54868E+00    0.58568E+00
    0.55420E+00    0.57311E+00
    0.55977E+00    0.56077E+00
    0.56539E+00    0.54866E+00
    0.57108E+00    0.53676E+00
    0.57681E+00    0.52505E+00
    0.58261E+00    0.51356E+00
    0.58847E+00    0.50231E+00
    0.59438E+00    0.49132E+00
    0.60036E+00    0.48056E+00
    0.60639E+00    0.47006E+00
    0.61248E+00    0.45980E+00
    0.61864E+00    0.44976E+00
    0.62486E+00    0.43991E+00
    0.63114E+00    0.43026E+00
    0.63748E+00    0.42080E+00
    0.64389E+00    0.41151E+00
    0.65036E+00    0.40242E+00
    0.65689E+00    0.39353E+00
    0.66350E+00    0.38483E+00
    0.67016E+00    0.37631E+00
    0.67690E+00    0.36799E+00
    0.68370E+00    0.35985E+00
    0.69057E+00    0.35186E+00
    0.69751E+00    0.34405E+00
    0.70452E+00    0.33640E+00
    0.71160E+00    0.32890E+00
    0.71876E+00    0.32158E+00
    0.72598E+00    0.31440E+00
    0.73328E+00    0.30738E+00
    0.74065E+00    0.30051E+00
    0.74809E+00    0.29379E+00
    0.75561E+00    0.28720E+00
    0.76320E+00    0.28076E+00
    0.77087E+00    0.27446E+00
    0.77862E+00    0.26829E+00
    0.78644E+00    0.26225E+00
    0.79435E+00    0.25635E+00
    0.80233E+00    0.25057E+00
    0.81039E+00    0.24492E+00
    0.81854E+00    0.23938E+00
    0.82677E+00    0.23397E+00
    0.83508E+00    0.22868E+00
    0.84347E+00    0.22349E+00
    0.85194E+00    0.21843E+00
    0.86051E+00    0.21347E+00
    0.86916E+00    0.20862E+00
    0.87789E+00    0.20388E+00
    0.88671E+00    0.19924E+00
    0.89563E+00    0.19470E+00
    0.90463E+00    0.19026E+00
    0.91372E+00    0.18592E+00
    0.92290E+00    0.18167E+00
    0.93218E+00    0.17752E+00
    0.94155E+00    0.17346E+00
    0.95101E+00    0.16948E+00
    0.96057E+00    0.16560E+00
    0.97022E+00    0.16180E+00
    0.97997E+00    0.15808E+00
    0.98982E+00    0.15445E+00
    0.99977E+00    0.15090E+00
    0.10098E+01    0.14742E+00
    0.10200E+01    0.14402E+00
    0.10302E+01    0.14070E+00
    0.10406E+01    0.13745E+00
    0.10510E+01    0.13427E+00
    0.10616E+01    0.13117E+00
    0.10723E+01    0.12813E+00
    0.10830E+01    0.12516E+00
    0.10939E+01    0.12226E+00
    0.11049E+01    0.11942E+00
    0.11160E+01    0.11665E+00
    0.11272E+01    0.11394E+00
    0.11386E+01    0.11129E+00
    0.11500E+01    0.10870E+00
    0.11616E+01    0.10616E+00
    0.11732E+01    0.10369E+00
    0.11850E+01    0.10127E+00
    0.11969E+01    0.98904E-01
    0.12090E+01    0.96591E-01
    0.12211E+01    0.94332E-01
    0.12334E+01    0.92124E-01
    0.12458E+01    0.89965E-01
    0.12583E+01    0.87856E-01
    0.12710E+01    0.85793E-01
    0.12837E+01    0.83778E-01
    0.12966E+01    0.81809E-01
    0.13097E+01    0.79884E-01
    0.13228E+01    0.78004E-01
    0.13361E+01    0.76166E-01
    0.13495E+01    0.74370E-01
    0.13631E+01    0.72616E-01
    0.13768E+01    0.70901E-01
    0.13906E+01    0.69226E-01
    0.14046E+01    0.67589E-01
    0.14187E+01    0.65990E-01
    0.14330E+01    0.64428E-01
    0.14474E+01    0.62901E-01
    0.14619E+01    0.61409E-01
    0.14766E+01    0.59953E-01
    0.14915E+01    0.58529E-01
    0.15065E+01    0.57138E-01
    0.15216E+01    0.55779E-01
    0.15369E+01    0.54452E-01
    0.15523E+01    0.53155E-01
    0.15679E+01    0.51889E-01
    0.15837E+01    0.50651E-01
    0.15996E+01    0.49443E-01
    0.16157E+01    0.48262E-01
    0.16319E+01    0.47109E-01
    0.16483E+01    0.45982E-01
    0.16649E+01    0.44882E-01
    0.16816E+01    0.43807E-01
    0.16985E+01    0.42758E-01
    0.17156E+01    0.41733E-01
    0.17328E+01    0.40731E-01
    0.17503E+01    0.39753E-01
    0.17679E+01    0.38798E-01
    0.17856E+01    0.37866E-01
    0.18036E+01    0.36955E-01
    0.18217E+01    0.36066E-01
    0.18400E+01    0.35197E-01
    0.18585E+01    0.34349E-01
    0.18772E+01    0.33521E-01
    0.18960E+01    0.32712E-01
    0.19151E+01    0.31922E-01
    0.19343E+01    0.31151E-01
    0.19538E+01    0.30398E-01
    0.19734E+01    0.29663E-01
    0.19933E+01    0.28945E-01
    0.20133E+01    0.28244E-01
    0.20335E+01    0.27559E-01
    0.20540E+01    0.26891E-01
    0.20746E+01    0.26238E-01
    0.20954E+01    0.25601E-01
    0.21165E+01    0.24979E-01
    0.21378E+01    0.24372E-01
    0.21593E+01    0.23780E-01
    0.21810E+01    0.23201E-01
    0.22029E+01    0.22636E-01
    0.22250E+01    0.22085E-01
    0.22474E+01    0.21546E-01
    0.22700E+01    0.21021E-01
    0.22928E+01    0.20508E-01
    0.23158E+01    0.20007E-01
    0.23391E+01    0.19518E-01
    0.23626E+01    0.19041E-01
    0.23864E+01    0.18575E-01
    0.24103E+01    0.18120E-01
    0.24346E+01    0.17677E-01
    0.24590E+01    0.17244E-01
    0.24837E+01    0.16821E-01
    0.25087E+01    0.16408E-01
    0.25339E+01    0.16006E-01
    0.25594E+01    0.15613E-01
    0.25851E+01    0.15229E-01
    0.26111E+01    0.14855E-01
    0.26373E+01    0.14489E-01
    0.26638E+01    0.14133E-01
    0.26906E+01    0.13785E-01
    0.27176E+01    0.13445E-01
    0.27450E+01    0.13114E-01
    0.27725E+01    0.12791E-01
    0.28004E+01    0.12475E-01
    0.28286E+01    0.12167E-01
    0.28570E+01    0.11866E-01
    0.28857E+01    0.11573E-01
    0.29147E+01    0.11287E-01
    0.29440E+01    0.11008E-01
    0.29736E+01    0.10736E-01
    0.30035E+01    0.10470E-01
    0.30337E+01    0.10210E-01
    0.30641E+01    0.99574E-02
    0.30949E+01    0.97104E-02
    0.31260E+01    0.94695E-02
    0.31575E+01    0.92345E-02
    0.31892E+01    0.90052E-02
    0.32212E+01    0.87814E-02
    0.32536E+01    0.85631E-02
    0.32863E+01    0.83501E-02
    0.33193E+01    0.81424E-02
    0.33527E+01    0.79396E-02
    0.33864E+01    0.77419E-02
    0.34204E+01    0.75490E-02
    0.34548E+01    0.73608E-02
    0.34895E+01    0.71772E-02
    0.35246E+01    0.69982E-02
    0.35600E+01    0.68234E-02
    0.35958E+01    0.66530E-02
    0.36319E+01    0.64868E-02
    0.36684E+01    0.63246E-02
    0.37053E+01    0.61664E-02
    0.37425E+01    0.60121E-02
    0.37802E+01    0.58616E-02
    0.38182E+01    0.57148E-02
    0.38565E+01    0.55716E-02
    0.38953E+01    0.54320E-02
    0.39344E+01    0.52958E-02
    0.39740E+01    0.51629E-02
    0.40139E+01    0.50333E-02
    0.40543E+01    0.49069E-02
    0.40950E+01    0.47837E-02
    0.41362E+01    0.46634E-02
    0.41777E+01    0.45462E-02
    0.42197E+01    0.44318E-02
    0.42621E+01    0.43203E-02
    0.43050E+01    0.42115E-02
    0.43482E+01    0.41054E-02
    0.43919E+01    0.40020E-02
    0.44361E+01    0.39011E-02
    0.44806E+01    0.38027E-02
    0.45257E+01    0.37068E-02
    0.45712E+01    0.36132E-02
    0.46171E+01    0.35220E-02
    0.46635E+01    0.34330E-02
    0.47104E+01    0.33463E-02
    0.47577E+01    0.32617E-02
    0.48055E+01    0.31792E-02
    0.48538E+01    0.30987E-02
    0.49026E+01    0.30203E-02
    0.49519E+01    0.29438E-02
    0.50016E+01    0.28692E-02
    0.50519E+01    0.27965E-02
    0.51027E+01    0.27256E-02
    0.51540E+01    0.26565E-02
    0.52058E+01    0.25891E-02
    0.52581E+01    0.25234E-02
    0.53109E+01    0.24593E-02
    0.53643E+01    0.23968E-02
    0.54182E+01    0.23359E-02
    0.54727E+01    0.22765E-02
    0.55277E+01    0.22186E-02
    0.55832E+01    0.21622E-02
    0.56393E+01    0.21071E-02
    0.56960E+01    0.20535E-02
    0.57533E+01    0.20012E-02
    0.58111E+01    0.19502E-02
    0.58695E+01    0.19005E-02
    0.59285E+01    0.18520E-02
    0.59881E+01    0.18048E-02
    0.60482E+01    0.17587E-02
    0.61090E+01    0.17138E-02
    0.61704E+01    0.16701E-02
    0.62324E+01    0.16274E-02
    0.62951E+01    0.15858E-02
    0.63583E+01    0.15453E-02
    0.64222E+01    0.15057E-02
    0.64868E+01    0.14672E-02
    0.65520E+01    0.14297E-02
    0.66178E+01    0.13931E-02
    0.66843E+01    0.13574E-02
    0.67515E+01    0.13226E-02
    0.68194E+01    0.12887E-02
    0.68879E+01    0.12557E-02
    0.69571E+01    0.12235E-02
    0.70270E+01    0.11921E-02
    0.70977E+01    0.11615E-02
    0.71690E+01    0.11317E-02
    0.72411E+01    0.11026E-02
    0.73138E+01    0.10743E-02
    0.73873E+01    0.10467E-02
    0.74616E+01    0.10198E-02
    0.75366E+01    0.99354E-03
    0.76123E+01    0.96798E-03
    0.76888E+01    0.94307E-03
    0.77661E+01    0.91879E-03
    0.78441E+01    0.89513E-03
    0.79230E+01    0.87207E-03
    0.80026E+01    0.84960E-03
    0.80830E+01    0.82770E-03
    0.81643E+01    0.80636E-03
    0.82463E+01    0.78556E-03
    0.83292E+01    0.76529E-03
    0.84129E+01    0.74553E-03
    0.84975E+01    0.72628E-03
    0.85829E+01    0.70753E-03
    0.86691E+01    0.68925E-03
    0.87562E+01    0.67143E-03
    0.88442E+01    0.65408E-03
    0.89331E+01    0.63716E-03
    0.90229E+01    0.62068E-03
    0.91136E+01    0.60462E-03
    0.92052E+01    0.58897E-03
    0.92977E+01    0.57372E-03
    0.93911E+01    0.55886E-03
    0.94855E+01    0.54438E-03
    0.95809E+01    0.53027E-03
    0.96771E+01    0.51652E-03
    0.97744E+01    0.50313E-03
    0.98726E+01    0.49007E-03
    0.99719E+01    0.47736E-03
    0.10072E+02    0.46497E-03
