2.50646438858 10.590164253 0.0482190013615 7.7461122735 0.0490664711063
5.51422165488 4.2898826892 0.0262142980003 3.3057506412 0.0258997591578
8.52197892118 2.0531214305 0.0187613145459 1.6728475616 0.0182005078558
11.5297361875 1.1923108422 0.014886841015 0.98377200869 0.0142597068483
14.5374934538 0.74752292463 0.0124457516976 0.64467321896 0.0118138037924
17.5452507201 0.51215559864 0.0107356578125 0.44535254023 0.0101229453784
20.5530079864 0.38571580574 0.00945587603635 0.31795145551 0.00887155732239
23.5607652527 0.27202882203 0.00845487890857 0.23539588665 0.00790183857346
26.568522519 0.21577351613 0.0076468547193 0.17206270086 0.00712514537834
29.5762797853 0.16781180254 0.00697879294642 0.12823621769 0.00648712572529
32.5840370516 0.12879588237 0.00641622149664 0.10537366377 0.00595271494927
35.5917943179 0.098696946015 0.00593584624331 0.080840230451 0.00549843580565
38.5995515842 0.077036153492 0.00552103364851 0.063393426727 0.00510751893292
41.6073088505 0.068573230088 0.00515947012081 0.056699704926 0.00476747952618
44.6150661168 0.057355756562 0.00484220858858 0.047074706187 0.00446941438513
47.6228233831 0.044081944176 0.00456375435181 0.039320110653 0.0042086757639
50.6305806494 0.038259033667 0.00431870760117 0.029854305765 0.00398073357866
53.6383379157 0.031816622417 0.00409517564409 0.027065285071 0.00377221339707
56.646095182 0.025499867923 0.00389460178008 0.023105108521 0.00358584934955
59.6538524483 0.022089802363 0.00371912331353 0.023038415289 0.00342523949557
62.6616097146 0.019105299892 0.00355131422328 0.018707821226 0.00326944112034
65.6693669809 0.017116664054 0.00339014594376 0.014101898052 0.00311806265031
68.6771242472 0.016960509221 0.00324771600654 0.011230191849 0.00298693079089
71.6848815135 0.013684024556 0.00312122920404 0.0098355346176 0.00287277812851
74.6926387798 0.0098285931158 0.0029891581725 0.0091119577228 0.00274859513224
77.7003960461 0.011529299599 0.00287790844075 0.0069129973386 0.00264787047676
80.7081533124 0.0054581277262 0.00276941829792 0.0087224184774 0.00254796376338
83.7159105787 0.0050906904744 0.00266805820458 0.0054984477891 0.00245456940145
86.723667845 0.0070112784783 0.00257518208933 0.0044114022326 0.00236956356732
89.7314251113 0.0074124723084 0.00248843479922 0.0044764926657 0.00229014913264
92.7391823776 0.0090115573905 0.00240700919401 0.0039500015794 0.00221547730704
95.7469396439 0.0076015222768 0.00233075422224 0.0077600294852 0.00214551808151
98.7546969102 0.0086584861559 0.00225970218127 0.007671212229 0.0020804638426
101.762454176 0.0093988217372 0.00219175831696 0.0065876741043 0.00201779216436
104.770211443 0.0093499765892 0.00213204885687 0.010412788298 0.00196409724352
107.777968709 0.0082730499804 0.00206977085681 0.008751063375 0.00190587753075
110.785725975 0.0083919831391 0.00201503082462 0.0080345074082 0.00185603223662
113.793483242 0.007541641349 0.00196589584792 0.0050174942119 0.00181204494352
116.801240508 0.0061164988068 0.00190965149476 0.0057025126228 0.00175820150253
119.808997774 0.0067945882565 0.00186413169994 0.004816771134 0.00171686757797
122.816755041 0.0052314291476 0.0018178032181 0.0037508782857 0.00167371024025
125.824512307 0.0055784530277 0.00177849590424 0.0035681397776 0.00163854504212
128.832269573 0.0034017747803 0.00173475094901 0.0028369978593 0.00159719099053
131.840026839 0.0043401314166 0.00170815211802 0.0020773354725 0.0015764572825
134.847784106 0.0048847199792 0.00166081569435 0.0027604399506 0.00152938892603
137.855541372 0.0053556584535 0.00162753501282 0.0030931385654 0.00149907712526
140.863298638 0.004340047967 0.00160403271538 0.0025317926618 0.00148047500818
143.871055905 0.003271239515 0.00156126473188 0.0028437763967 0.00143751751025
146.878813171 0.0031059242448 0.00152970431077 0.0019965087062 0.00140797800538
149.886570437 0.0025518800797 0.00150969813693 0.0029360027634 0.00139219131404
152.894327704 0.0013195501106 0.00148658103881 0.0013236103783 0.00137219686538
155.90208497 0.0019440037017 0.00145392967537 0.0016255722083 0.00134011472692
158.909842236 0.0022692049748 0.00142110784155 0.0015539820486 0.00130745497521
161.917599502 0.00085451265038 0.00139645252983 0.0031112373432 0.00128456089499
164.925356769 0.0027953715061 0.00137557065242 0.0025635262241 0.001265896462
167.933114035 0.0027854236117 0.00135648484873 0.0021879771849 0.00124908985586
170.940871301 0.0013306422113 0.00134048307676 0.0018506573481 0.00123588745839
173.948628568 0.0027058312091 0.0013239413994 0.0020935859252 0.00122176772852
176.956385834 0.0019097712007 0.00130567217002 0.0018342388919 0.00120525202726
179.9641431 0.001833798621 0.00128686477075 0.0019010660467 0.00118784152457
182.971900367 -0.00026515756219 0.00126855910657 0.00053055972729 0.00117084748607
185.979657633 0.00018973693495 0.00125102519036 9.4645494121e-05 0.00115461913964
188.987414899 0.00031759143654 0.00123385431878 0.00060458017188 0.00113866073198
191.995172165 0.001074554797 0.00121612162784 0.0016757066245 0.00112183543526
195.002929432 -4.3182656721e-05 0.0011969920887 -0.0001556707248 0.00110312220278
198.010686698 0.00029423450654 0.00117687651689 0.0010401079942 0.00108305686222
