4.0 4.101684125 0.0349828600493 3.28312325 0.0273177916407
8.0 1.54334589062 0.0146923592163 1.28120501563 0.0111874545691
12.0 0.758156472222 0.00924831888418 0.645992208333 0.00660080674663
16.0 0.43348140625 0.00681777987297 0.367455027344 0.00516045838268
20.0 0.2748946975 0.00541388494216 0.2242924375 0.0041465655407
24.0 0.183385574653 0.00471127446607 0.143044326389 0.00359104123846
28.0 0.125400378827 0.00407893860927 0.0946139897959 0.00313984916263
32.0 0.0925177626953 0.00369418483397 0.0628351660156 0.00304484597319
36.0 0.0642755432099 0.00329804769101 0.0463043171296 0.0027548392955
40.0 0.0494825625 0.00301630655248 0.03275307875 0.0025609268972
44.0 0.0361335779959 0.00276880786888 0.0259344798554 0.00233786623951
48.0 0.0264463997396 0.00254390210579 0.0188788298611 0.00218653914362
52.0 0.0211788461538 0.00240936361866 0.0163022622041 0.00203800766724
56.0 0.0169682981505 0.00219657087876 0.0130217503189 0.00192964724516
60.0 0.0134963177778 0.00210174873271 0.00892379611111 0.00187759853729
64.0 0.0107228554688 0.0019863575605 0.00864958886719 0.00179255774817
68.0 0.00781123399654 0.00190500215861 0.00474099675606 0.00166255382395
72.0 0.00578038522377 0.0018539234771 0.00442950096451 0.00155912591357
76.0 0.0042792591759 0.00177621688654 0.00361973199446 0.00153004220427
80.0 0.004209506875 0.00166005373568 0.00392839703125 0.00145880215173
84.0 0.00448131207483 0.00160132647511 0.00320765079365 0.00137561829896
88.0 0.00417584245868 0.00152600943687 0.00335814165806 0.00140102910293
92.0 0.00385946443762 0.00148810142857 0.00410349716446 0.00132284315298
96.0 0.00504922460937 0.00141413024801 0.00357127593316 0.00126173505545
100.0 0.0056576223 0.00136358669749 0.0050008727 0.00118392742708
104.0 0.00680486593935 0.0012986672078 0.00557303217456 0.00117601006084
108.0 0.00581482133059 0.00124125077752 0.00557869461591 0.00112141369357
112.0 0.00486708266901 0.00120773289363 0.00391778563457 0.00106834584745
116.0 0.00418233598395 0.00117368343841 0.00283771284185 0.00104976523318
120.0 0.00251832583333 0.00114427511166 0.00175768131944 0.00104716276953
124.0 0.00076045167794 0.00112476509635 0.000772615114464 0.00100651300303
128.0 0.000993019287109 0.00110113661029 0.00117300170898 0.000987371351864
132.0 0.000810000229568 0.00104055849003 0.000697744031221 0.000926536715865
136.0 0.000931208639706 0.00104301132717 0.000504909007353 0.000899404176604
140.0 0.000169401071429 0.000991425192717 0.000309936326531 0.000901174666678
144.0 0.000390545862269 0.00101174106059 0.000289237895448 0.000879391308175
148.0 0.000179498128196 0.000951125994385 0.000370845279401 0.000882308565388
152.0 -0.000119446113227 0.000942897647348 0.000946632877424 0.000854662555032
156.0 -0.000560634615385 0.000941448083186 0.000366513477975 0.000844168633679
160.0 -0.000110006484375 0.000904401688689 -0.000157785664062 0.000826896256641
164.0 -5.64579863177e-05 0.00089699743278 0.000195391247769 0.000837559546111
168.0 -0.000437067602041 0.000896221311423 0.000255408234127 0.000812637506564
172.0 -4.95644267171e-05 0.000896090243031 0.000148703217956 0.000758602712511
176.0 0.0002951659672 0.000872870143877 -4.2201995093e-05 0.000779314940184
180.0 -3.05248765432e-05 0.000866583315 0.000176376512346 0.000771096628755
184.0 0.000492482543715 0.000856875763102 -0.000138549385633 0.00073976882597
188.0 0.000740235513807 0.000839027984217 -7.5491313943e-05 0.000725821865621
192.0 0.000711839057075 0.000827902214501 0.000560877170139 0.000719657346853
196.0 0.00124885578925 0.000818907833846 0.00116793921803 0.000733671229936
200.0 0.0017791302 0.000789494008003 0.00130586235 0.000707067778926
