# Transfer functions T_i(k) for adiabatic (AD) mode (normalized to initial curvature=1) at redshift z=0
# for k=1.97552e-07 to 12.4775 h/Mpc,
# number of wavenumbers equal to 140
# d_i   stands for (delta rho_i/rho_i)(k,z) with above normalization 
# d_tot stands for (delta rho_tot/rho_tot)(k,z) with rho_Lambda NOT included in rho_tot
# (note that this differs from the transfer function output from CAMB/CMBFAST, which gives the same
#  quantities divided by -k^2 with k in Mpc^-1; use format=camb to match CAMB)
# t_i   stands for theta_i(k,z) with above normalization 
# t_tot stands for (sum_i [rho_i+p_i] theta_i)/(sum_i [rho_i+p_i]))(k,z)
#
# k (h/Mpc)       d_g                d_b                d_cdm              d_ur               d_tot              t_g                t_b                t_cdm              t_ur               t_tot              
1.9755223192e-07  -2.1733167593e+00  -1.6299875695e+00  -1.6299875695e+00  -2.1733167593e+00  -1.6301572288e+00  4.4689168867e-11  4.4689270035e-11  4.4689270036e-11  4.4689167739e-11  4.4689269994e-11
2.4870352492e-07  -2.1733178207e+00  -1.6299883655e+00  -1.6299883655e+00  -2.1733178207e+00  -1.6301580249e+00  7.0827606245e-11  7.0827724107e-11  7.0827724108e-11  7.0827604930e-11  7.0827724058e-11
3.1309918753e-07  -2.1733206063e+00  -1.6299904547e+00  -1.6299904547e+00  -2.1733206063e+00  -1.6301601143e+00  1.1225310015e-10  1.1225417602e-10  1.1225417605e-10  1.1225307562e-10  1.1225417560e-10
3.9416852359e-07  -2.1733256886e+00  -1.6299942665e+00  -1.6299942665e+00  -2.1733256886e+00  -1.6301639265e+00  1.7790612990e-10  1.7791045696e-10  1.7791045716e-10  1.7790599110e-10  1.7791045530e-10
4.9622877088e-07  -2.1733250680e+00  -1.6299938011e+00  -1.6299938011e+00  -2.1733250680e+00  -1.6301634610e+00  2.8196291522e-10  2.8196939225e-10  2.8196939258e-10  2.8196268635e-10  2.8196938979e-10
6.2471500972e-07  -2.1733259150e+00  -1.6299944363e+00  -1.6299944363e+00  -2.1733259150e+00  -1.6301640963e+00  4.4688089729e-10  4.4689151143e-10  4.4689151194e-10  4.4688052897e-10  4.4689150737e-10
7.8646960087e-07  -2.1733304855e+00  -1.6299978642e+00  -1.6299978642e+00  -2.1733304855e+00  -1.6301675246e+00  7.0825730755e-10  7.0827505016e-10  7.0827505079e-10  7.0825680328e-10  7.0827504321e-10
9.9010656614e-07  -2.1733343698e+00  -1.6300007775e+00  -1.6300007775e+00  -2.1733343698e+00  -1.6301704382e+00  1.1225138762e-09  1.1225430242e-09  1.1225430254e-09  1.1225129780e-09  1.1225430129e-09
1.2464703165e-06  -2.1733411713e+00  -1.6300058788e+00  -1.6300058788e+00  -2.1733411713e+00  -1.6301755400e+00  1.7790437847e-09  1.7791076065e-09  1.7791076083e-09  1.7790420231e-09  1.7791075812e-09
1.5692131565e-06  -2.1733536681e+00  -1.6300152517e+00  -1.6300152517e+00  -2.1733536681e+00  -1.6301849139e+00  2.8195539912e-09  2.8196945460e-09  2.8196945477e-09  2.8195503392e-09  2.8196944883e-09
1.9755223192e-06  -2.1733737535e+00  -1.6300303164e+00  -1.6300303164e+00  -2.1733737535e+00  -1.6301999801e+00  4.4686255796e-09  4.4689159546e-09  4.4689159617e-09  4.4686186117e-09  4.4689158385e-09
2.4870352492e-06  -2.1734068794e+00  -1.6300551624e+00  -1.6300551624e+00  -2.1734068792e+00  -1.6302248287e+00  7.0820650821e-09  7.0827531870e-09  7.0827532315e-09  7.0820469297e-09  7.0827529345e-09
3.1309918753e-06  -2.1734537372e+00  -1.6300903092e+00  -1.6300903092e+00  -2.1734537369e+00  -1.6302599792e+00  1.1223841377e-08  1.1225418530e-08  1.1225418562e-08  1.1223805220e-08  1.1225417894e-08
3.9416852359e-06  -2.1735397234e+00  -1.6301548078e+00  -1.6301548078e+00  -2.1735397228e+00  -1.6303244845e+00  1.7787072050e-08  1.7791032830e-08  1.7791032901e-08  1.7786985469e-08  1.7791031226e-08
4.9622877088e-06  -2.1736550546e+00  -1.6302413266e+00  -1.6302413266e+00  -2.1736550532e+00  -1.6304110123e+00  2.8187575202e-08  2.8196961260e-08  2.8196961406e-08  2.8187372270e-08  2.8196957440e-08
6.2471500972e-06  -2.1738511939e+00  -1.6303884826e+00  -1.6303884826e+00  -2.1738511905e+00  -1.6305581836e+00  4.4665810546e-08  4.4689111691e-08  4.4689112069e-08  4.4665309058e-08  4.4689102221e-08
7.8646960087e-06  -2.1741529699e+00  -1.6306149432e+00  -1.6306149432e+00  -2.1741529616e+00  -1.6307846677e+00  7.0769814850e-08  7.0827534854e-08  7.0827535782e-08  7.0768569331e-08  7.0827511387e-08
9.9010656614e-06  -2.1746366657e+00  -1.6309780297e+00  -1.6309780297e+00  -2.1746366453e+00  -1.6311477919e+00  1.1211071692e-07  1.1225408445e-07  1.1225408667e-07  1.1210765231e-07  1.1225402609e-07
1.2464703165e-05  -2.1754048313e+00  -1.6315549456e+00  -1.6315549457e+00  -2.1754047806e+00  -1.6317247676e+00  1.7755193298e-07  1.7791056961e-07  1.7791057511e-07  1.7754429331e-07  1.7791042360e-07
1.5692131565e-05  -2.1766196859e+00  -1.6324680603e+00  -1.6324680605e+00  -2.1766195600e+00  -1.6326379766e+00  2.8107202737e-07  2.8196907252e-07  2.8196908611e-07  2.8105298622e-07  2.8196870717e-07
1.9755223192e-05  -2.1785448715e+00  -1.6339169249e+00  -1.6339169254e+00  -2.1785445558e+00  -1.6340869901e+00  4.4463764751e-07  4.4688943095e-07  4.4688946599e-07  4.4458989888e-07  4.4688851462e-07
2.4870352492e-05  -2.1815847250e+00  -1.6362091775e+00  -1.6362091788e+00  -2.1815839404e+00  -1.6363794768e+00  7.0263947287e-07  7.0827189929e-07  7.0827198886e-07  7.0252046923e-07  7.0826960893e-07
3.1309918753e-05  -2.1863917429e+00  -1.6398456219e+00  -1.6398456251e+00  -2.1863897728e+00  -1.6400162882e+00  1.1083978275e-06  1.1225299125e-06  1.1225301314e-06  1.1080995371e-06  1.1225241610e-06
3.9416852359e-05  -2.1939782701e+00  -1.6456137826e+00  -1.6456137905e+00  -2.1939733262e+00  -1.6457850202e+00  1.7436359513e-06  1.7790737343e-06  1.7790742685e-06  1.7428893837e-06  1.7790592998e-06
4.9622877088e-05  -2.2059047957e+00  -1.6547547523e+00  -1.6547547723e+00  -2.2058924206e+00  -1.6549268689e+00  2.7308690957e-06  2.8196021379e-06  2.8196034791e-06  2.7290064168e-06  2.8195659995e-06
6.2471500972e-05  -2.2245669531e+00  -1.6692418084e+00  -1.6692418589e+00  -2.2245360434e+00  -1.6694152517e+00  4.2469383278e-06  4.4686660372e-06  4.4686694080e-06  4.2423104507e-06  4.4685757546e-06
7.8646960087e-05  -2.2535450853e+00  -1.6921987363e+00  -1.6921988629e+00  -2.2534681914e+00  -1.6923741174e+00  6.5298642005e-06  7.0821123127e-06  7.0821207386e-06  6.5184447818e-06  7.0818874931e-06
9.9010656614e-05  -2.2980036739e+00  -1.7285819107e+00  -1.7285822295e+00  -2.2978134794e+00  -1.7287599592e+00  9.8551299644e-06  1.1223763433e-05  1.1223784498e-05  9.8272520930e-06  1.1223206488e-05
1.2464703165e-04  -2.3648744147e+00  -1.7862354117e+00  -1.7862362075e+00  -2.3644084430e+00  -1.7864167008e+00  1.4421890893e-05  1.7786910491e-05  1.7786962974e-05  1.4355011715e-05  1.7785542006e-05
1.5692131565e-04  -2.4622501392e+00  -1.8775918050e+00  -1.8775937891e+00  -2.4611251035e+00  -1.8777758803e+00  2.0015499727e-05  2.8186434548e-05  2.8186564692e-05  1.9859532532e-05  2.8183114943e-05
1.9755223192e-04  -2.5965112465e+00  -2.0223342284e+00  -2.0223391522e+00  -2.5938585110e+00  -2.0225172868e+00  2.5210241608e-05  4.4662711914e-05  4.4663032238e-05  2.4863395779e-05  4.4654821866e-05
2.4870352492e-04  -2.7646074787e+00  -2.2516145005e+00  -2.2516266335e+00  -2.7585866903e+00  -2.2517840344e+00  2.5870900182e-05  7.0761487886e-05  7.0762267342e-05  2.5160996751e-05  7.0743328909e-05
3.1309918753e-04  -2.9388910630e+00  -2.6147076132e+00  -2.6147371810e+00  -2.9260508232e+00  -2.6148318550e+00  1.3425173696e-05  1.1208979708e-04  1.1209166042e-04  1.2184852840e-05  1.1205006522e-04
3.9416852359e-04  -3.0492957186e+00  -3.1894620298e+00  -3.1895328864e+00  -3.0246127513e+00  -3.1894741860e+00  -2.3632240342e-05  1.7750467563e-04  1.7750901295e-04  -2.5113850630e-05  1.7742430567e-04
4.9622877088e-04  -2.9952972156e+00  -4.0986962025e+00  -4.0988616979e+00  -2.9556787631e+00  -4.0984845753e+00  -8.5845975355e-05  2.8097663357e-04  2.8098634443e-04  -8.5568321724e-05  2.8083206689e-04
6.2471500972e-04  -2.7563005728e+00  -5.5357934974e+00  -5.5361657404e+00  -2.7111768409e+00  -5.5352301560e+00  -1.3448454349e-04  4.4449426717e-04  4.4451487398e-04  -1.2768641920e-04  4.4427157104e-04
7.8646960087e-04  -2.5536721819e+00  -7.8044729732e+00  -7.8052663779e+00  -2.5324127705e+00  -7.8034921052e+00  -1.1576981996e-04  7.0258204509e-04  7.0262291686e-04  -1.0087313543e-04  7.0227796743e-04
9.9010656614e-04  -2.5666514867e+00  -1.1380146662e+01  -1.1381721308e+01  -2.5799294620e+00  -1.1378709027e+01  -1.2438409754e-04  1.1092709008e-03  1.1093461061e-03  -1.1820895985e-04  1.1088210693e-03
1.2464703165e-03  -2.3963277682e+00  -1.7003657584e+01  -1.7006522404e+01  -2.3901971282e+00  -1.7001483901e+01  -2.0902743436e-04  1.7487493940e-03  1.7488776807e-03  -2.1985275649e-04  1.7480394675e-03
1.5692131565e-03  -2.3300909529e+00  -2.5822188619e+01  -2.5826960952e+01  -2.3105602636e+00  -2.5818829151e+01  -1.6783525473e-04  2.7513489873e-03  2.7515524955e-03  -1.6001896954e-04  2.7503046996e-03
1.9755223192e-03  -2.1322000741e+00  -3.9598621421e+01  -3.9606182119e+01  -2.1359378422e+00  -3.9593225941e+01  -2.3343030647e-04  4.3173305432e-03  4.3176400010e-03  -2.2960118508e-04  4.3156946691e-03
2.4870352492e-03  -2.0832630397e+00  -6.1012949444e+01  -6.1025397175e+01  -2.0666553518e+00  -6.1004923537e+01  -2.9128326863e-04  6.7511606183e-03  6.7516384730e-03  -2.8467300767e-04  6.7486283011e-03
3.1309918753e-03  -1.9689868171e+00  -9.4096064090e+01  -9.4118160814e+01  -1.9626193813e+00  -9.4085717561e+01  -2.8683484664e-04  1.0510821619e-02  1.0511582527e-02  -2.9176779159e-04  1.0506959991e-02
3.9416852359e-03  -1.8640348086e+00  -1.4480395374e+02  -1.4484394789e+02  -1.8670356549e+00  -1.4479266252e+02  -2.0630483106e-04  1.6272936372e-02  1.6274124327e-02  -2.1072594542e-04  1.6267065565e-02
4.9622877088e-03  -1.7863489746e+00  -2.2177384195e+02  -2.2184955510e+02  -1.7803231810e+00  -2.2176826930e+02  -3.2009045685e-04  2.5019064142e-02  2.5020919512e-02  -3.1134464656e-04  2.5010063534e-02
6.2471500972e-03  -1.6900106852e+00  -3.3719387402e+02  -3.3734425879e+02  -1.6740670796e+00  -3.3721448193e+02  -3.1374175768e-04  3.8134954322e-02  3.8137850837e-02  -2.9901048375e-04  3.8121365108e-02
7.8646960087e-03  -1.6060667111e+00  -5.0763922093e+02  -5.0795100638e+02  -1.5956007206e+00  -5.0774113807e+02  -1.9445556668e-04  5.7506851914e-02  5.7511387771e-02  -2.3588906034e-04  5.7486604813e-02
9.9010656614e-03  -1.4782720473e+00  -7.5439884411e+02  -7.5506577508e+02  -1.4649978753e+00  -7.5471974866e+02  -3.5564003836e-04  8.5561634964e-02  8.5568766127e-02  -3.0550990255e-04  8.5531820526e-02
1.2464703165e-02  -1.3486257000e+00  -1.1023489174e+03  -1.1037991941e+03  -1.3303113208e+00  -1.1032141963e+03  -3.4274199727e-04  1.2514527219e-01  1.2515657681e-01  -2.7222284975e-04  1.2510246685e-01
1.5692131565e-02  -1.1507201931e+00  -1.5755755477e+03  -1.5787201865e+03  -1.1897048987e+00  -1.5777055721e+03  -2.6508030419e-04  1.7903716291e-01  1.7905526236e-01  -1.6874361115e-04  1.7897762319e-01
1.9755223032e-02  -1.0406353737e+00  -2.1878837052e+03  -2.1945195725e+03  -1.0495103991e+00  -2.1927330879e+03  -5.9028132457e-05  2.4888706716e-01  2.4891618947e-01  -2.2959374833e-04  2.4880767787e-01
2.4870230865e-02  -8.6214101561e-01  -2.9305952899e+03  -2.9437852740e+03  -8.6017813972e-01  -2.9406767854e+03  -1.5682642854e-04  3.3382676577e-01  3.3387302794e-01  -1.5608065794e-04  3.3372629215e-01
3.1293153174e-02  -7.0257905479e-01  -3.7752665321e+03  -3.7987656599e+03  -7.0097949354e-01  -3.7936788304e+03  -1.2780168232e-04  4.3069338933e-01  4.3076304342e-01  -1.2719395348e-04  4.3057210157e-01
3.8860981487e-02  -5.6616190909e-01  -4.6870817030e+03  -4.7213682877e+03  -5.6487294031e-01  -4.7142026091e+03  -1.0298698450e-04  5.3522773245e-01  5.3531956873e-01  -1.0249726225e-04  5.3508142828e-01
4.5239124211e-02  -4.8833784241e-01  -5.4799152290e+03  -5.5184394925e+03  -4.8722604207e-01  -5.5103214433e+03  -8.8830375114e-05  6.2563907261e-01  6.2573943481e-01  -8.8407963290e-05  6.2546224313e-01
4.9865144994e-02  -4.4762485439e-01  -6.1067490154e+03  -6.1448912268e+03  -4.4660573092e-01  -6.1366409704e+03  -8.1424490281e-05  6.9677034039e-01  6.9687077767e-01  -8.1037287496e-05  6.9656396452e-01
5.3680308693e-02  -4.2080731983e-01  -6.6574172025e+03  -6.6935600002e+03  -4.1984924063e-01  -6.6854703111e+03  -7.6546277483e-05  7.5910194524e-01  7.5919997442e-01  -7.6182265874e-05  7.5886761524e-01
5.7086866492e-02  -4.0021994881e-01  -7.1650535664e+03  -7.1988089356e+03  -3.9930873306e-01  -7.1909577843e+03  -7.2801380370e-05  8.1651150236e-01  8.1660692650e-01  -7.2455172662e-05  8.1625110266e-01
6.0264141799e-02  -3.8274363476e-01  -7.6397000291e+03  -7.6713618994e+03  -3.8187220240e-01  -7.6637107043e+03  -6.9622388381e-05  8.7020247481e-01  8.7029630349e-01  -6.9291295035e-05  8.6991839480e-01
6.3307049400e-02  -3.6677783019e-01  -8.0815892307e+03  -8.1119112048e+03  -3.6594274611e-01  -8.1043448618e+03  -6.6718243743e-05  9.2024407400e-01  9.2033809157e-01  -6.6400960213e-05  9.1993932026e-01
6.6272501340e-02  -3.5148617232e-01  -8.4886507741e+03  -8.5187249053e+03  -3.5068590276e-01  -8.5110726683e+03  -6.3936619944e-05  9.6643289151e-01  9.6652944946e-01  -6.3632563660e-05  9.6611102811e-01
6.9197881270e-02  -3.3648519403e-01  -8.8598027978e+03  -8.8909575922e+03  -3.3571907882e-01  -8.8830097277e+03  -6.1207830164e-05  1.0086682749e+00  1.0087700501e+00  -6.0916750542e-05  1.0083331791e+00
7.2109535963e-02  -3.2148514667e-01  -9.1910417318e+03  -9.2247094561e+03  -3.2075318614e-01  -9.2162402241e+03  -5.8479267822e-05  1.0465060440e+00  1.0466156503e+00  -5.8201165358e-05  1.0461617254e+00
7.5027122118e-02  -3.0648598885e-01  -9.4831994000e+03  -9.5208098549e+03  -3.0578818237e-01  -9.5115936657e+03  -5.5750873798e-05  1.0800410269e+00  1.0801610883e+00  -5.5485748451e-05  1.0796914641e+00
7.7966021803e-02  -2.9155464536e-01  -9.7382627186e+03  -9.7810903156e+03  -2.9089083931e-01  -9.7709268023e+03  -5.3034825334e-05  1.1094829562e+00  1.1096154557e+00  -5.2782618856e-05  1.1091315063e+00
8.0938773722e-02  -2.7680588131e-01  -9.9597677654e+03  -1.0008799489e+04  -2.7617565985e-01  -9.9975349835e+03  -5.0351961008e-05  1.1352071168e+00  1.1353535627e+00  -5.0112515384e-05  1.1348565847e+00
8.3955966065e-02  -2.6253575320e-01  -1.0158875642e+04  -1.0214689741e+04  -2.6193802637e-01  -1.0202235067e+04  -4.7756165351e-05  1.1584426913e+00  1.1586038483e+00  -4.7529066428e-05  1.1580947505e+00
8.7026817336e-02  -2.4893587345e-01  -1.0345361871e+04  -1.0407982600e+04  -2.4836911450e-01  -1.0394337665e+04  -4.5282302743e-05  1.1802479901e+00  1.1804231120e+00  -4.5066970338e-05  1.1799026139e+00
9.0159567473e-02  -2.3627763538e-01  -1.0534723728e+04  -1.0603589460e+04  -2.3573969922e-01  -1.0588846772e+04  -4.2979722852e-05  1.2023282768e+00  1.2025159484e+00  -4.2775341783e-05  1.2019841709e+00
9.3361748845e-02  -2.2473935659e-01  -1.0741598788e+04  -1.0815522060e+04  -2.2422769186e-01  -1.0799873640e+04  -4.0880872238e-05  1.2262869768e+00  1.2264843087e+00  -4.0686472932e-05  1.2259409506e+00
9.6640378489e-02  -2.1445270740e-01  -1.0981073911e+04  -1.1058331345e+04  -2.1396446290e-01  -1.1042053632e+04  -3.9009698468e-05  1.2537856185e+00  1.2539890248e+00  -3.8824197411e-05  1.2534332090e+00
1.0000209708e-01  -2.0547221702e-01  -1.1266572466e+04  -1.1345049126e+04  -2.0500441746e-01  -1.1328479488e+04  -3.7376124091e-05  1.2863131367e+00  1.2865183466e+00  -3.7198390637e-05  1.2859486901e+00
1.0345327093e-01  -1.9773251881e-01  -1.1606253527e+04  -1.1683700090e+04  -1.9728233790e-01  -1.1667195699e+04  -3.5968250363e-05  1.3247813665e+00  1.3249841796e+00  -3.5797210502e-05  1.3243989081e+00
1.0700006761e-01  -1.9103850703e-01  -1.2000129416e+04  -1.2074479046e+04  -1.9060356310e-01  -1.2058366719e+04  -3.4750582441e-05  1.3692099669e+00  1.3694070264e+00  -3.4585331158e-05  1.3688042170e+00
1.1064851257e-01  -1.8513092945e-01  -1.2441714796e+04  -1.2511421896e+04  -1.8470943173e-01  -1.2495943787e+04  -3.3675977937e-05  1.4189107330e+00  1.4190994406e+00  -3.3515834802e-05  1.4184773310e+00
1.1440453153e-01  -1.7965954470e-01  -1.2914225658e+04  -1.2978633048e+04  -1.7925050038e-01  -1.2963888797e+04  -3.2680716579e-05  1.4720599601e+00  1.4722400700e+00  -3.2525304437e-05  1.4715972653e+00
1.1827398245e-01  -1.7423452487e-01  -1.3391804017e+04  -1.3451350231e+04  -1.7383782914e-01  -1.3437265323e+04  -3.1693887686e-05  1.5258246982e+00  1.5259976906e+00  -3.1543166828e-05  1.5253336883e+00
1.2226267943e-01  -1.6857516705e-01  -1.3849798314e+04  -1.3906156139e+04  -1.6819135474e-01  -1.3892458484e+04  -3.0664435249e-05  1.5775219353e+00  1.5776917360e+00  -3.0518609059e-05  1.5770067436e+00
1.2637641088e-01  -1.6240707819e-01  -1.4257805147e+04  -1.4313694616e+04  -1.6203730894e-01  -1.4299947448e+04  -2.9542438486e-05  1.6237961622e+00  1.6239684857e+00  -2.9401947770e-05  1.6232638099e+00
1.3062095319e-01  -1.5563505720e-01  -1.4595170222e+04  -1.4653980351e+04  -1.5528070752e-01  -1.4639642095e+04  -2.8310587681e-05  1.6623651434e+00  1.6625468390e+00  -2.8175955649e-05  1.6618245479e+00
1.3500208143e-01  -1.4830752091e-01  -1.4852225696e+04  -1.4917339772e+04  -1.4796985656e-01  -1.4901872824e+04  -2.6977683366e-05  1.6921342504e+00  1.6923311367e+00  -2.6849391077e-05  1.6915939255e+00
1.3952557815e-01  -1.4069566554e-01  -1.5043236029e+04  -1.5117301771e+04  -1.4037533444e-01  -1.5100286406e+04  -2.5593061615e-05  1.7146498599e+00  1.7148663408e+00  -2.5471355322e-05  1.7141164963e+00
1.4419724122e-01  -1.3313468891e-01  -1.5196206886e+04  -1.5280385891e+04  -1.3283157519e-01  -1.5261640799e+04  -2.4217695510e-05  1.7329585660e+00  1.7331962312e+00  -2.4102531187e-05  1.7324352403e+00
1.4902289176e-01  -1.2598952829e-01  -1.5352313762e+04  -1.5445746680e+04  -1.2570268441e-01  -1.5425413803e+04  -2.2917961203e-05  1.7515407139e+00  1.7517968281e+00  -2.2808978723e-05  1.7510250321e+00
1.5400838287e-01  -1.1962871062e-01  -1.5564620450e+04  -1.5664453862e+04  -1.1935634973e-01  -1.5642990209e+04  -2.1760909710e-05  1.7762420306e+00  1.7765101361e+00  -2.1657430016e-05  1.7757260620e+00
1.5915961017e-01  -1.1422630729e-01  -1.5872411414e+04  -1.5974354122e+04  -1.1396624599e-01  -1.5952443555e+04  -2.0778196921e-05  1.8113823549e+00  1.8116539401e+00  -2.0679390261e-05  1.8108546584e+00
1.6448252494e-01  -1.0977503068e-01  -1.6295555142e+04  -1.6395022099e+04  -1.0952510229e-01  -1.6373391148e+04  -1.9968489636e-05  1.8591901325e+00  1.8594567356e+00  -1.9873532622e-05  1.8586383809e+00
1.6998315057e-01  -1.0599647673e-01  -1.6812180257e+04  -1.6905688551e+04  -1.0575514918e-01  -1.6884887276e+04  -1.9281164299e-05  1.9172879173e+00  1.9175436532e+00  -1.9189474778e-05  1.9167029208e+00
1.7566760330e-01  -1.0255002337e-01  -1.7380010330e+04  -1.7466544088e+04  -1.0231654052e-01  -1.7446725451e+04  -1.8654237507e-05  1.9811028445e+00  1.9813471431e+00  -1.8565528188e-05  1.9804817479e+00
1.8154211797e-01  -9.8992332222e-02  -1.7924323919e+04  -1.8005867045e+04  -9.8766948049e-02  -1.7986708442e+04  -1.8007076200e-05  2.0424286385e+00  2.0426662362e+00  -1.7921443685e-05  2.0417764262e+00
1.8761307954e-01  -9.5011779836e-02  -1.8375450777e+04  -1.8456568124e+04  -9.4795458332e-02  -1.8437339464e+04  -1.7283003066e-05  2.0936042807e+00  2.0938449768e+00  -1.7200813795e-05  2.0929333470e+00
1.9388706131e-01  -9.0550118648e-02  -1.8700359199e+04  -1.8786580949e+04  -9.0343956205e-02  -1.8766401908e+04  -1.6471415381e-05  2.1309629044e+00  2.1312170366e+00  -1.6393086068e-05  2.1302876190e+00
2.0037087064e-01  -8.5788950115e-02  -1.8914887218e+04  -1.9010484110e+04  -8.5593629116e-02  -1.8988678880e+04  -1.5605339645e-05  2.1561888123e+00  2.1564635930e+00  -1.5531129624e-05  2.1555202383e+00
2.0707160308e-01  -8.1096893011e-02  -1.9088337811e+04  -1.9194363910e+04  -8.0912255994e-02  -1.9170770015e+04  -1.4751833460e-05  2.1768502140e+00  2.1771463319e+00  -1.4681682887e-05  2.1761908257e+00
2.1399670588e-01  -7.6825691181e-02  -1.9307456716e+04  -1.9421037864e+04  -7.6650779314e-02  -1.9396119049e+04  -1.3974883458e-05  2.2024300912e+00  2.2027408003e+00  -1.3908427942e-05  2.2017722175e+00
2.2115405212e-01  -7.3235657422e-02  -1.9656969776e+04  -1.9772606940e+04  -7.3068919077e-02  -1.9747237046e+04  -1.3321848473e-05  2.2423013064e+00  2.2426157650e+00  -1.3258498376e-05  2.2416299601e+00
2.2855202667e-01  -7.0260770521e-02  -2.0146494216e+04  -2.0258766761e+04  -7.0100804218e-02  -2.0233803584e+04  -1.2780690037e-05  2.2975625487e+00  2.2978711470e+00  -1.2719912742e-05  2.2968633121e+00
2.3619962575e-01  -6.7608435663e-02  -2.0712434906e+04  -2.0818982782e+04  -6.7454506915e-02  -2.0794794966e+04  -1.2298207022e-05  2.3612764181e+00  2.3615757934e+00  -1.2239723453e-05  2.3605429692e+00
2.4410657201e-01  -6.4931001721e-02  -2.1251482180e+04  -2.1354486972e+04  -6.4783168379e-02  -2.1330720091e+04  -1.1811179538e-05  2.4221443502e+00  2.4224399840e+00  -1.1755011781e-05  2.4213824431e+00
2.5228344779e-01  -6.1995340733e-02  -2.1672926042e+04  -2.1777816383e+04  -6.1854191309e-02  -2.1753604311e+04  -1.1277173769e-05  2.4701612523e+00  2.4704639678e+00  -1.1223545509e-05  2.4693852592e+00
2.6074184977e-01  -5.8842896623e-02  -2.1968668079e+04  -2.2080658144e+04  -5.8708925092e-02  -2.2055172953e+04  -1.0703728818e-05  2.5043941864e+00  2.5047132289e+00  -1.0652827796e-05  2.5036175526e+00
2.6949456925e-01  -5.5692001324e-02  -2.2205616738e+04  -2.2326115129e+04  -5.5565204176e-02  -2.2299140911e+04  -1.0130564439e-05  2.5320845432e+00  2.5324215568e+00  -1.0082389324e-05  2.5313113628e+00
2.7855580362e-01  -5.2854163997e-02  -2.2512104207e+04  -2.2637815622e+04  -5.2733828311e-02  -2.2609878711e+04  -9.6143651861e-06  2.5673645738e+00  2.5677119218e+00  -9.5686450870e-06  2.5665853212e+00
2.8794140592e-01  -5.0422294593e-02  -2.2950042438e+04  -2.3075620521e+04  -5.0307495393e-02  -2.3047569034e+04  -9.1719947793e-06  2.6170726657e+00  2.6174210272e+00  -9.1283781620e-06  2.6162735646e+00
2.9766918213e-01  -4.8266911749e-02  -2.3483532060e+04  -2.3605935929e+04  -4.8157019429e-02  -2.3578245764e+04  -8.7799245622e-06  2.6773415175e+00  2.6776856433e+00  -8.7381721970e-06  2.6765137957e+00
3.0775924821e-01  -4.6121862643e-02  -2.3990279953e+04  -2.4111287763e+04  -4.6016853871e-02  -2.4083671543e+04  -8.3897336325e-06  2.7347428086e+00  2.7350869209e+00  -8.3498366839e-06  2.7338911794e+00
3.1823446327e-01  -4.3863456312e-02  -2.4394048482e+04  -2.4518448387e+04  -4.3763589472e-02  -2.4490141939e+04  -7.9789176691e-06  2.7808938260e+00  2.7812475980e+00  -7.9409743520e-06  2.7800310366e+00
3.2912096071e-01  -4.1560349913e-02  -2.4717724079e+04  -2.4848478768e+04  -4.1465726971e-02  -2.4819014372e+04  -7.5599741291e-06  2.8182285570e+00  2.8185966135e+00  -7.5240232125e-06  2.8173621328e+00
3.4044880671e-01  -3.9397502374e-02  -2.5069761847e+04  -2.5205186533e+04  -3.9307803827e-02  -2.5174835533e+04  -7.1665430024e-06  2.8586285156e+00  2.8590068337e+00  -7.1324630700e-06  2.8577538271e+00
3.5225282632e-01  -3.7471139904e-02  -2.5527603464e+04  -2.5663632999e+04  -3.7385827116e-02  -2.5633038439e+04  -6.8161313677e-06  2.9106620722e+00  2.9110429569e+00  -6.7837177391e-06  2.9097678618e+00
3.6457365282e-01  -3.5684899439e-02  -2.6044102099e+04  -2.6179253116e+04  -3.5603653334e-02  -2.6148643383e+04  -6.4912081709e-06  2.9692159699e+00  2.9695975181e+00  -6.4603396089e-06  2.9682979365e+00
3.7745907864e-01  -3.3886809231e-02  -2.6511465377e+04  -2.6648378890e+04  -3.3809656953e-02  -2.6617330094e+04  -6.1641302052e-06  3.0224365065e+00  3.0228242492e+00  -6.1348170471e-06  3.0215014812e+00
3.9096581954e-01  -3.2065163823e-02  -2.6911647002e+04  -2.7053173556e+04  -3.1992159100e-02  -2.7021232594e+04  -5.8327657817e-06  3.0682957797e+00  3.0686947691e+00  -5.8050284554e-06  3.0673510385e+00
4.0516185461e-01  -3.0321874192e-02  -2.7328941624e+04  -2.7474148241e+04  -3.0252838566e-02  -2.7441464936e+04  -5.5156548822e-06  3.1160114479e+00  3.1164193040e+00  -5.4894255766e-06  3.1150542340e+00
4.2012958304e-01  -2.8710347131e-02  -2.7824996186e+04  -2.7971257737e+04  -2.8644980506e-02  -2.7938244086e+04  -5.2225121129e-06  3.1724243166e+00  3.1728363612e+00  -5.1976767932e-06  3.1714471096e+00
4.3597016398e-01  -2.7149376008e-02  -2.8334792144e+04  -2.8482389002e+04  -2.7087563444e-02  -2.8448994084e+04  -4.9385758155e-06  3.2304199271e+00  3.2308376061e+00  -4.9150908362e-06  3.2294232734e+00
4.5280960879e-01  -2.5596812863e-02  -2.8817113214e+04  -2.8968314504e+04  -2.5538535056e-02  -2.8934169516e+04  -4.6561522920e-06  3.2855126890e+00  3.2859396275e+00  -4.6340102953e-06  3.2845008189e+00
4.7080753825e-01  -2.4076657376e-02  -2.9302665705e+04  -2.9457129229e+04  -2.4021840673e-02  -2.9422290074e+04  -4.3796350119e-06  3.3409379289e+00  3.3413731092e+00  -4.3588080333e-06  3.3399098557e+00
4.9017011247e-01  -2.2631235182e-02  -2.9856505375e+04  -3.0012876893e+04  -2.2579709258e-02  -2.9977547474e+04  -4.1167018854e-06  3.4039888482e+00  3.4044302673e+00  -4.0971251858e-06  3.4029397276e+00
5.1116971824e-01  -2.1198732816e-02  -3.0414219297e+04  -3.0573552433e+04  -2.1150468365e-02  -3.0537556309e+04  -3.8561247096e-06  3.4675783746e+00  3.4680285990e+00  -3.8377871712e-06  3.4665101218e+00
5.3417603087e-01  -1.9778653373e-02  -3.0988199735e+04  -3.1151049780e+04  -1.9733622092e-02  -3.1114289521e+04  -3.5978048205e-06  3.5330662678e+00  3.5335268328e+00  -3.5806956863e-06  3.5319793723e+00
5.5970709656e-01  -1.8383853202e-02  -3.1622373481e+04  -3.1788053138e+04  -1.8341997567e-02  -3.1750624253e+04  -3.3440881878e-06  3.6053234945e+00  3.6057923038e+00  -3.3281856078e-06  3.6042133908e+00
5.8851753150e-01  -1.6977251394e-02  -3.2286409178e+04  -3.2455841067e+04  -1.6938598241e-02  -3.2417580790e+04  -3.0882202030e-06  3.6810559282e+00  3.6815362233e+00  -3.0735343675e-06  3.6799238716e+00
6.2175980605e-01  -1.5563683989e-02  -3.3036418795e+04  -3.3209595408e+04  -1.5528249217e-02  -3.3170478141e+04  -2.8310895046e-06  3.7665489157e+00  3.7670400302e+00  -2.8176264604e-06  3.7653902874e+00
6.6129974048e-01  -1.4106974588e-02  -3.3873888901e+04  -3.4051559771e+04  -1.4074856380e-02  -3.4011433547e+04  -2.5661070880e-06  3.8620392627e+00  3.8625444289e+00  -2.5539041328e-06  3.8608525953e+00
7.1038293135e-01  -1.2576203874e-02  -3.4847333044e+04  -3.5030032089e+04  -1.2547570891e-02  -3.4988765651e+04  -2.2876563494e-06  3.9730160455e+00  3.9735361042e+00  -2.2767775693e-06  3.9717955927e+00
7.7515594957e-01  -1.0929147036e-02  -3.6057824076e+04  -3.6246849758e+04  -1.0904264013e-02  -3.6204153137e+04  -1.9880509015e-06  4.1110238261e+00  4.1115635699e+00  -1.9785968772e-06  4.1097623301e+00
8.6826052719e-01  -9.0908813414e-03  -3.7630616612e+04  -3.7827871217e+04  -9.0701836166e-03  -3.7783314908e+04  -1.6536638909e-06  4.2903369686e+00  4.2909029937e+00  -1.6458000242e-06  4.2890227325e+00
1.0154963928e+00  -7.0347522461e-03  -3.9832792838e+04  -4.0041591066e+04  -7.0187358444e-03  -3.9994427264e+04  -1.2796467671e-06  4.5414067790e+00  4.5420112672e+00  -1.2735615173e-06  4.5400200852e+00
1.2498495999e+00  -4.9857839127e-03  -4.2764534199e+04  -4.2988752697e+04  -4.9744325321e-03  -4.2938108855e+04  -9.0693222031e-07  4.8756539667e+00  4.8763140582e+00  -9.0261939366e-07  4.8741744763e+00
1.5708633179e+00  -3.3990693369e-03  -4.6054343196e+04  -4.6295976245e+04  -3.3913305309e-03  -4.6241408881e+04  -6.1830283060e-07  5.2507269532e+00  5.2514592404e+00  -6.1536256112e-07  5.2491515018e+00
1.9775503954e+00  -2.3004702865e-03  -4.9397333645e+04  -4.9656780032e+04  -2.2952327382e-03  -4.9598206216e+04  -4.1846396672e-07  5.6318599004e+00  5.6326806738e+00  -4.1647402288e-07  5.6301995450e+00
2.4895882626e+00  -1.5505690749e-03  -5.2768456374e+04  -5.3046124628e+04  -1.5470388812e-03  -5.2983467633e+04  -2.8205442641e-07  6.0162000200e+00  6.0171367638e+00  -2.8071317352e-07  6.0144763363e+00
3.1342059286e+00  -1.0413591277e-03  -5.6166574671e+04  -5.6463023056e+04  -1.0389882917e-03  -5.6396181606e+04  -1.8942747619e-07  6.4036155894e+00  6.4047139297e+00  -1.8852670888e-07  6.4018653310e+00
3.9457314893e+00  -6.9683946295e-04  -5.9566271148e+04  -5.9882270121e+04  -6.9525302291e-04  -5.9811115588e+04  -1.2675820749e-07  6.7912137255e+00  6.7925488571e+00  -1.2615546314e-07  6.7894994989e+00
4.9673816400e+00  -4.6510866459e-04  -6.3009669248e+04  -6.3346538521e+04  -4.6404982687e-04  -6.3270837773e+04  -8.4605620306e-08  7.1837819727e+00  7.1854798735e+00  -8.4203332982e-08  7.1822067240e+00
6.2535629766e+00  -3.0948037533e-04  -6.6444905481e+04  -6.6804611520e+04  -3.0877587237e-04  -6.6724040060e+04  -5.6296339623e-08  7.5754172804e+00  7.5776851279e+00  -5.6028678231e-08  7.5741541015e+00
7.8727693455e+00  -2.0542465381e-04  -6.9894443508e+04  -7.0280245103e+04  -2.0495706718e-04  -7.0194256488e+04  -3.7368299471e-08  7.9686695625e+00  7.9718507763e+00  -3.7190652201e-08  7.9680040553e+00
9.9112293903e+00  -1.3601756148e-04  -7.3337352580e+04  -7.3754552428e+04  -1.3570800392e-04  -7.3662266827e+04  -2.4742927844e-08  8.3611334538e+00  8.3657946574e+00  -2.4625322275e-08  8.3615382845e+00
1.2477498542e+01  -8.9855398303e-05  -7.6767514674e+04  -7.7224885016e+04  -8.9650946961e-05  -7.7124847479e+04  -1.6345916878e-08  8.7521288506e+00  8.7592053192e+00  -1.6268245621e-08  8.7543842769e+00
