# Transfer functions T_i(k) for adiabatic (AD) mode (normalized to initial curvature=1) at redshift z=15
# for k=1.97552e-07 to 12.4775 h/Mpc,
# number of wavenumbers equal to 140
# d_i   stands for (delta rho_i/rho_i)(k,z) with above normalization 
# d_tot stands for (delta rho_tot/rho_tot)(k,z) with rho_Lambda NOT included in rho_tot
# (note that this differs from the transfer function output from CAMB/CMBFAST, which gives the same
#  quantities divided by -k^2 with k in Mpc^-1; use format=camb to match CAMB)
# t_i   stands for theta_i(k,z) with above normalization 
# t_tot stands for (sum_i [rho_i+p_i] theta_i)/(sum_i [rho_i+p_i]))(k,z)
#
# k (h/Mpc)       d_g                d_b                d_cdm              d_ur               d_tot              t_g                t_b                t_ur               t_tot              
1.9755223192e-07  -4.2714571502e-08  -3.2035929093e-08  -3.2035929093e-08  -4.2714571490e-08  -3.2089032361e-08  -4.7763706295e-19  -4.4037110491e-24  -4.8226639180e-19  -1.8505100849e-20
2.4870352492e-07  -6.7698033134e-08  -5.0773526023e-08  -5.0773526024e-08  -6.7698033106e-08  -5.0857689028e-08  -1.1997700564e-18  -1.1061629792e-23  -1.2113983934e-18  -4.6482711519e-20
3.1309918753e-07  -1.0729415045e-07  -8.0470615783e-08  -8.0470615783e-08  -1.0729415038e-07  -8.0604005149e-08  -3.0136861096e-18  -2.7785444553e-23  -3.0428951560e-18  -1.1675929139e-19
3.9416852359e-07  -1.7004976666e-07  -1.2753733239e-07  -1.2753733240e-07  -1.7004976648e-07  -1.2774874028e-07  -7.5700370007e-18  -6.9808400281e-23  -7.6434068961e-18  -2.9328608563e-19
4.9622877088e-07  -2.6951070483e-07  -2.0213304720e-07  -2.0213304721e-07  -2.6951070438e-07  -2.0246810607e-07  -1.9015066761e-17  -1.7537700492e-22  -1.9199361283e-17  -7.3670107816e-19
6.2471500972e-07  -4.2714565922e-07  -3.2035929109e-07  -3.2035929110e-07  -4.2714565808e-07  -3.2089032349e-07  -4.7763687160e-17  -4.4049416824e-22  -4.8226613554e-17  -1.8505093627e-18
7.8646960087e-07  -6.7698018977e-07  -5.0773525958e-07  -5.0773525960e-07  -6.7698018692e-07  -5.0857688894e-07  -1.1997697114e-16  -1.1064440069e-21  -1.2113980409e-16  -4.6482700792e-18
9.9010656614e-07  -1.0729411428e-06  -8.0470615163e-07  -8.0470615169e-07  -1.0729411356e-06  -8.0604004355e-07  -3.0136845784e-16  -2.7793859082e-21  -3.0428933943e-16  -1.1675923677e-17
1.2464703165e-06  -1.7004967450e-06  -1.2753732986e-06  -1.2753732987e-06  -1.7004967270e-06  -1.2774873730e-06  -7.5700354144e-16  -6.9775742609e-21  -7.6434050569e-16  -2.9328598904e-17
1.5692131565e-06  -2.6951047649e-06  -2.0213304320e-06  -2.0213304324e-06  -2.6951047197e-06  -2.0246810097e-06  -1.9015056032e-15  -1.7537621519e-20  -1.9199351262e-15  -7.3670067460e-17
1.9755223192e-06  -4.2714508658e-06  -3.2035928174e-06  -3.2035928183e-06  -4.2714507523e-06  -3.2089031138e-06  -4.7763652779e-15  -4.4042108591e-20  -4.8226582626e-15  -1.8505080204e-16
2.4870352492e-06  -6.7697875033e-06  -5.0773523530e-06  -5.0773523553e-06  -6.7697872181e-06  -5.0857685773e-06  -1.1997678018e-14  -1.1064549410e-19  -1.2113960250e-14  -4.6482625546e-16
3.1309918753e-06  -1.0729375307e-05  -8.0470609333e-06  -8.0470609390e-06  -1.0729374591e-05  -8.0603996787e-06  -3.0136777050e-14  -2.7789577628e-19  -3.0428862559e-14  -1.1675896330e-15
3.9416852359e-06  -1.7004876827e-05  -1.2753731603e-05  -1.2753731618e-05  -1.7004875028e-05  -1.2774871911e-05  -7.5700032833e-14  -6.9818232778e-19  -7.6433713555e-14  -2.9328476549e-15
4.9622877088e-06  -2.6950820303e-05  -2.0213301063e-05  -2.0213301099e-05  -2.6950815783e-05  -2.0246805744e-05  -1.9014942209e-13  -1.7537677051e-18  -1.9199233366e-13  -7.3669621949e-15
6.2471500972e-06  -4.2713937384e-05  -3.2035919834e-05  -3.2035919926e-05  -4.2713926029e-05  -3.2089020047e-05  -4.7763190454e-13  -4.4055843309e-18  -4.8226101701e-13  -1.8504900222e-14
7.8646960087e-06  -6.7696440447e-05  -5.0773502868e-05  -5.0773503099e-05  -6.7696411924e-05  -5.0857658201e-05  -1.1997497126e-12  -1.1065779493e-17  -1.2113772918e-12  -4.6481918676e-14
9.9010656614e-06  -1.0729014964e-04  -8.0470557480e-05  -8.0470558059e-05  -1.0729007799e-04  -8.0603927575e-05  -3.0136057186e-12  -2.7795534447e-17  -3.0428118239e-12  -1.1675615315e-13
1.2464703165e-05  -1.7003971570e-04  -1.2753718484e-04  -1.2753718629e-04  -1.7003953574e-04  -1.2774854431e-04  -7.5697184282e-12  -6.9817163700e-17  -7.6430769820e-12  -2.9327362435e-13
1.5692131565e-05  -2.6948546426e-04  -2.0213268099e-04  -2.0213268464e-04  -2.6948501225e-04  -2.0246761827e-04  -1.9013807946e-11  -1.7537475029e-16  -1.9198060631e-11  -7.3665184984e-13
1.9755223192e-05  -4.2708225881e-04  -3.2035837078e-04  -3.2035837996e-04  -4.2708112348e-04  -3.2088909778e-04  -4.7758674881e-11  -4.4051640230e-16  -4.8221433944e-11  -1.8503133664e-12
2.4870352492e-05  -6.7682094299e-04  -5.0773294901e-04  -5.0773297205e-04  -6.7681809149e-04  -5.0857381126e-04  -1.1995699950e-10  -1.1065017812e-15  -1.2111914609e-10  -4.6474887848e-12
3.1309918753e-05  -1.0725411670e-03  -8.0470035432e-04  -8.0470041220e-04  -1.0725340055e-03  -8.0603231950e-04  -3.0128901906e-10  -2.7793685741e-15  -3.0420720868e-10  -1.1672816380e-11
3.9416852359e-05  -1.6994921542e-03  -1.2753587383e-03  -1.2753588837e-03  -1.6994741703e-03  -1.2774679735e-03  -7.5668700736e-10  -6.9813469788e-15  -7.6401322454e-10  -2.9316220846e-11
4.9622877088e-05  -2.6925817758e-03  -2.0212938805e-03  -2.0212942457e-03  -2.6925366227e-03  -2.0246323046e-03  -1.9002470658e-09  -1.7535777371e-14  -1.9186334681e-09  -7.3620830036e-11
6.2471500972e-05  -4.2651149865e-03  -3.2035009985e-03  -3.2035019159e-03  -4.2650016482e-03  -3.2087807748e-03  -4.7713551072e-09  -4.4046017097e-14  -4.8174753052e-09  -1.8485478354e-10
7.8646960087e-05  -6.7538788750e-03  -5.0771217533e-03  -5.0771240577e-03  -6.7535944904e-03  -5.0854613465e-03  -1.1977741121e-08  -1.1063076350e-13  -1.2093339562e-08  -4.6404627242e-10
9.9010656614e-05  -1.0689439979e-02  -8.0464818100e-03  -8.0464875982e-03  -1.0688726851e-02  -8.0596281944e-03  -3.0057443476e-08  -2.7785938393e-13  -3.0346823851e-08  -1.1644861688e-09
1.2464703165e-04  -1.6904664313e-02  -1.2752277158e-02  -1.2752291697e-02  -1.6902877830e-02  -1.2772934785e-02  -7.5384456701e-08  -6.9782307421e-13  -7.6107422658e-08  -2.9205030921e-09
1.5692131565e-04  -2.6699497688e-02  -2.0209648905e-02  -2.0209685425e-02  -2.6695029334e-02  -2.0241943166e-02  -1.8889461150e-07  -1.7523553712e-12  -1.9069506489e-07  -7.3178794116e-09
1.9755223192e-04  -4.2084231660e-02  -3.2026751056e-02  -3.2026842784e-02  -4.2073083343e-02  -3.2076818854e-02  -4.7264608130e-07  -4.3997015677e-12  -4.7710708524e-07  -1.8309885390e-08
2.4870352492e-04  -6.6120989699e-02  -5.0750491544e-02  -5.0750721935e-02  -6.6093285597e-02  -5.0827061608e-02  -1.1799617751e-06  -1.1043527575e-11  -1.1909248699e-06  -4.5707979683e-08
3.1309918753e-04  -1.0335772440e-01  -8.0412834202e-02  -8.0413412842e-02  -1.0328931314e-01  -8.0527276867e-02  -2.9352116489e-06  -2.7708614697e-11  -2.9618001807e-06  -1.1369026763e-07
3.9416852359e-04  -1.6026022429e-01  -1.2739250084e-01  -1.2739395400e-01  -1.6009299385e-01  -1.2755681322e-01  -7.2600264894e-06  -6.9475973146e-11  -7.3231309446e-06  -2.8116335861e-07
4.9622877088e-04  -2.4530612072e-01  -2.0177047757e-01  -2.0177412655e-01  -2.4490391716e-01  -2.0198918475e-01  -1.7795868269e-05  -1.7402463962e-10  -1.7940315709e-05  -6.8903346281e-07
6.2471500972e-04  -3.6784600593e-01  -3.1945338914e-01  -3.1946255010e-01  -3.6690378285e-01  -3.1969972635e-01  -4.3002617726e-05  -4.3520962204e-10  -4.3313091604e-05  -1.6644131314e-06
7.8646960087e-04  -5.3377727570e-01  -5.0547866519e-01  -5.0550165738e-01  -5.3166321323e-01  -5.0563417509e-01  -1.0158993786e-04  -1.0857746094e-09  -1.0218283979e-04  -3.9298714350e-06
9.9010656614e-04  -7.3481214004e-01  -7.9911130186e-01  -7.9916898073e-01  -7.3040082357e-01  -7.9883045432e-01  -2.3157935790e-04  -2.6991167699e-09  -2.3244671139e-04  -8.9509246029e-06
1.2464703165e-03  -9.2937629986e-01  -1.2616006101e+00  -1.2617452015e+00  -9.2127572242e-01  -1.2600520385e+00  -4.9911697959e-04  -6.6752501315e-09  -4.9947391151e-04  -1.9268687567e-05
1.5692131565e-03  -1.0265146658e+00  -1.9877857166e+00  -1.9881477944e+00  -1.0149222590e+00  -1.9832823695e+00  -9.8649592007e-04  -1.6394824212e-08  -9.8327516962e-04  -3.8025431348e-05
1.9755223192e-03  -9.2447982114e-01  -3.1231304347e+00  -3.1240357111e+00  -9.1597541288e-01  -3.1129308057e+00  -1.7169708257e-03  -3.9929769667e-08  -1.7047939480e-03  -6.6089695028e-05
2.4870352492e-03  -6.8316183010e-01  -4.8883000390e+00  -4.8905584426e+00  -6.9163165549e-01  -4.8692797538e+00  -2.5583167246e-03  -9.6417032912e-08  -2.5426887862e-03  -9.8549947888e-05
3.1309918753e-03  -6.5689766131e-01  -7.6140706156e+00  -7.6196879274e+00  -6.7459380091e-01  -7.5841708446e+00  -3.5545242109e-03  -2.3125226412e-07  -3.5746603892e-03  -1.3767824682e-04
3.9416852359e-03  -8.5495644053e-01  -1.1789196878e+01  -1.1803114697e+01  -8.3418156090e-01  -1.1746329389e+01  -5.7378364142e-03  -5.5231536766e-07  -5.7627187356e-03  -2.2229701179e-04
4.9622877088e-03  -6.2895339093e-01  -1.8120416091e+01  -1.8154727584e+01  -6.4022554644e-01  -1.8061928316e+01  -9.0337044627e-03  -1.3137448720e-06  -8.9619997084e-03  -3.4866637067e-04
6.2471500972e-03  -7.7117198335e-01  -2.7599029303e+01  -2.7683060575e+01  -7.5347908580e-01  -2.7535311760e+01  -1.3371648121e-02  -3.1085948492e-06  -1.3476837487e-02  -5.2054346916e-04
7.8646960087e-03  -5.7229093319e-01  -4.1560018664e+01  -4.1763967300e+01  -6.1733387833e-01  -4.1525521232e+01  -2.0169278580e-02  -7.3061407417e-06  -2.0158414728e-02  -7.8501262573e-04
9.9010656614e-03  -5.4034728760e-01  -6.1686699612e+01  -6.2175370799e+01  -5.6016715339e-01  -6.1788168298e+01  -3.0513085329e-02  -1.6992390606e-05  -3.0259953071e-02  -1.1895864086e-03
1.2464703165e-02  -4.9308917664e-01  -8.9869539149e+01  -9.1018381095e+01  -5.3071875680e-01  -9.0378470533e+01  -4.4443295587e-02  -3.8858056563e-05  -4.4141390540e-02  -1.7472873156e-03
1.5692131565e-02  -5.1467553997e-01  -1.2775975787e+02  -1.3038352379e+02  -5.4251182644e-01  -1.2930424815e+02  -6.2914633441e-02  -8.6426308193e-05  -6.3402735358e-02  -2.5181195587e-03
1.9755223032e-02  -3.6395469864e-01  -1.7587697639e+02  -1.8160450412e+02  -4.3924499336e-01  -1.7975703932e+02  -8.8552717239e-02  -1.8361140716e-04  -8.7883313105e-02  -3.5824693941e-03
2.4870230865e-02  -4.0704773443e-01  -2.3261154207e+02  -2.4424840298e+02  -3.9510160452e-01  -2.4111308174e+02  -1.1825215816e-01  -3.6153179449e-04  -1.1810646668e-01  -4.9076246651e-03
3.1293153174e-02  -3.2757715756e-01  -2.9509507113e+02  -3.1612694585e+02  -2.9422344247e-01  -3.1108144513e+02  -1.5267403645e-01  -6.2601902816e-04  -1.5239599728e-01  -6.4878673054e-03
3.8860981487e-02  -2.3210973028e-01  -3.6269106501e+02  -3.9366631474e+02  -2.5715940556e-01  -3.8659196320e+02  -1.9037730524e-01  -8.6243693977e-04  -1.8945811263e-01  -8.1597067972e-03
4.5239124211e-02  -2.1564631357e-01  -4.2496722325e+02  -4.5994530812e+02  -2.0159308786e-01  -4.5187982783e+02  -2.2076530279e-01  -8.9619467975e-04  -2.2154650299e-01  -9.3913683865e-03
4.9865144994e-02  -1.7241840417e-01  -4.7681406712e+02  -5.1153409559e+02  -1.8399923303e-01  -5.0325454680e+02  -2.4625248405e-01  -8.1664097826e-04  -2.4676896629e-01  -1.0294044655e-02
5.3680308693e-02  -1.6076916373e-01  -5.2355369169e+02  -5.5649971777e+02  -1.8808956737e-01  -5.4828964697e+02  -2.6856103407e-01  -7.0715998695e-04  -2.6924904673e-01  -1.1052186397e-02
5.7086866492e-02  -1.6426514890e-01  -5.6703063920e+02  -5.9781404692e+02  -1.6796238935e-01  -5.8975581622e+02  -2.8886242995e-01  -6.0012764616e-04  -2.8901302328e-01  -1.1724071472e-02
6.0264141799e-02  -1.6362118524e-01  -6.0756720733e+02  -6.3642500865e+02  -1.7731132975e-01  -6.2849294867e+02  -3.0842926047e-01  -5.1365250614e-04  -3.0823896356e-01  -1.2390477612e-02
6.3307049400e-02  -1.5066378872e-01  -6.4494133122e+02  -6.7253972113e+02  -1.5742589745e-01  -6.6463607705e+02  -3.2620043330e-01  -4.6010724018e-04  -3.2626596043e-01  -1.3028667655e-02
6.6272501340e-02  -9.0125332670e-02  -6.7875308109e+02  -7.0607132436e+02  -1.4489887270e-01  -6.9804701666e+02  -3.4185180637e-01  -4.4814623925e-04  -3.4221171102e-01  -1.3625658483e-02
6.9197881270e-02  -1.6792093781e-01  -7.0861080752e+02  -7.3684203387e+02  -1.5021202242e-01  -7.2851409929e+02  -3.5701520356e-01  -4.8297468072e-04  -3.5697736768e-01  -1.4237899497e-02
7.2109535963e-02  -1.2981053704e-01  -7.3425613845e+02  -7.6470396223e+02  -1.4847550104e-01  -7.5587111955e+02  -3.7061972727e-01  -5.6608564507e-04  -3.7081274794e-01  -1.4846323813e-02
7.5027122118e-02  -1.1527719697e-01  -7.5565877883e+02  -7.8962323497e+02  -1.3138496122e-01  -7.8008535629e+02  -3.8442673644e-01  -6.9487935642e-04  -3.8290917053e-01  -1.5475890613e-02
7.7966021803e-02  -1.2873637745e-01  -7.7309073952e+02  -8.1174397601e+02  -1.1979531944e-01  -8.0132140229e+02  -3.9427909483e-01  -8.6238069683e-04  -3.9293188491e-01  -1.6019733614e-02
8.0938773722e-02  -1.1468926047e-01  -7.8717502575e+02  -8.3143253356e+02  -1.2414032311e-01  -8.1998604828e+02  -4.0130346243e-01  -1.0572156949e-03  -4.0192883733e-01  -1.6509142931e-02
8.3955966065e-02  -1.4623920547e-01  -7.9890138871e+02  -8.4929963977e+02  -1.2027407310e-01  -8.3674977915e+02  -4.0897800322e-01  -1.2640199205e-03  -4.1068176674e-01  -1.7021053392e-02
8.7026817336e-02  -8.5148187475e-02  -8.0959760527e+02  -8.6619122537e+02  -1.0241175154e-01  -8.5253351398e+02  -4.1845288073e-01  -1.4643413687e-03  -4.1840184362e-01  -1.7551550134e-02
9.0159567473e-02  -1.0267902430e-01  -8.2084951293e+02  -8.8314583527e+02  -1.0295907207e-01  -8.6846162966e+02  -4.2608543586e-01  -1.6381805410e-03  -4.2609148647e-01  -1.8014060180e-02
9.3361748845e-02  -9.8077071034e-02  -8.3436114179e+02  -9.0130923827e+02  -9.8024410921e-02  -8.8576609167e+02  -4.3458891665e-01  -1.7660828088e-03  -4.3458929882e-01  -1.8465011512e-02
9.6640378489e-02  -9.3589046281e-02  -8.5176578835e+02  -9.2181582860e+02  -9.3538797399e-02  -9.0565816204e+02  -4.4435301364e-01  -1.8318007925e-03  -4.4435337831e-01  -1.8904906524e-02
1.0000209708e-01  -8.9673788783e-02  -8.7438612230e+02  -9.4562969223e+02  -8.9625639105e-02  -9.2915638145e+02  -4.5587342715e-01  -1.8251097411e-03  -4.5587377659e-01  -1.9342947379e-02
1.0345327093e-01  -8.6301051894e-02  -9.0298330128e+02  -9.7337480678e+02  -8.6254706369e-02  -9.5690429010e+02  -4.6946543727e-01  -1.7445672108e-03  -4.6946577361e-01  -1.9789911238e-02
1.0700006761e-01  -8.3391727766e-02  -9.3752743753e+02  -1.0051718474e+03  -8.3346935025e-02  -9.8899708575e+02  -4.8517723436e-01  -1.5995392425e-03  -4.8517755942e-01  -2.0256662035e-02
1.1064851257e-01  -8.0823731631e-02  -9.7704349284e+02  -1.0405200514e+03  -8.0780307407e-02  -1.0248581328e+03  -5.0272948548e-01  -1.4109586702e-03  -5.0272980060e-01  -2.0752547913e-02
1.1440453153e-01  -7.8445166614e-02  -1.0195879678e+03  -1.0782597635e+03  -7.8403009907e-02  -1.0632040305e+03  -5.2149802705e-01  -1.2101704453e-03  -5.2149833296e-01  -2.1283623361e-02
1.1827398245e-01  -7.6094402826e-02  -1.0624107790e+03  -1.1166555920e+03  -7.6053501024e-02  -1.1021403630e+03  -5.4056025573e-01  -1.0353992541e-03  -5.4056055253e-01  -2.1851042937e-02
1.2226267943e-01  -7.3624940199e-02  -1.1023315137e+03  -1.1536244783e+03  -7.3585360599e-02  -1.1394131181e+03  -5.5881741704e-01  -9.2583488849e-04  -5.5881770424e-01  -2.2450092911e-02
1.2637641088e-01  -7.0930920355e-02  -1.1363104659e+03  -1.1871000199e+03  -7.0892787750e-02  -1.1728053541e+03  -5.7518778971e-01  -9.1385281582e-04  -5.7518806641e-01  -2.3070165301e-02
1.3062095319e-01  -6.7968684157e-02  -1.1621501513e+03  -1.2154966351e+03  -6.7932146660e-02  -1.2006382715e+03  -5.8885112664e-01  -1.0165848959e-03  -5.8885139177e-01  -2.3696084688e-02
1.3500208143e-01  -6.4768739068e-02  -1.1791839157e+03  -1.2381827768e+03  -6.4733927520e-02  -1.2222776633e+03  -5.9949558959e-01  -1.2287957368e-03  -5.9949584219e-01  -2.4310786508e-02
1.3952557815e-01  -6.1433435614e-02  -1.1887625289e+03  -1.2558399125e+03  -6.1400424332e-02  -1.2385121949e+03  -6.0750287075e-01  -1.5195325839e-03  -6.0750311030e-01  -2.4899238442e-02
1.4419724122e-01  -5.8117755653e-02  -1.1943207836e+03  -1.2705558056e+03  -5.8086533821e-02  -1.2516418125e+03  -6.1399184553e-01  -1.8346882787e-03  -6.1399207210e-01  -2.5452588685e-02
1.4902289176e-01  -5.4995248804e-02  -1.2008737233e+03  -1.2855458589e+03  -5.4965710563e-02  -1.2651632772e+03  -6.2066599513e-01  -2.1068102314e-03  -6.2066620949e-01  -2.5971709809e-02
1.5400838287e-01  -5.2214766129e-02  -1.2138962306e+03  -1.3044536849e+03  -5.2186724362e-02  -1.2830046565e+03  -6.2944076610e-01  -2.2715079980e-03  -6.2944096960e-01  -2.6468596318e-02
1.5915961017e-01  -4.9858650801e-02  -1.2377567841e+03  -1.3303267576e+03  -4.9831873745e-02  -1.3084165343e+03  -6.4190313870e-01  -2.2872547959e-03  -6.4190333302e-01  -2.6964551559e-02
1.6448252494e-01  -4.7915850915e-02  -1.2741317477e+03  -1.3645382144e+03  -4.7890113365e-02  -1.3428153205e+03  -6.5874730161e-01  -2.1525340343e-03  -6.5874748839e-01  -2.7484900244e-02
1.6998315057e-01  -4.6280044116e-02  -1.3209431743e+03  -1.4060114191e+03  -4.6255179503e-02  -1.3849642897e+03  -6.7937438835e-01  -1.9136507783e-03  -6.7937456878e-01  -2.8051055791e-02
1.7566760330e-01  -4.4778614802e-02  -1.3724307414e+03  -1.4511663012e+03  -4.4754551265e-02  -1.4309409396e+03  -7.0187520136e-01  -1.6568020887e-03  -7.0187537598e-01  -2.8672230080e-02
1.8154211797e-01  -4.3227005327e-02  -1.4206650558e+03  -1.4948257623e+03  -4.3203771945e-02  -1.4751391653e+03  -7.2351750459e-01  -1.4830334083e-03  -7.2351767318e-01  -2.9340156496e-02
1.8761307954e-01  -4.1492285419e-02  -1.4582961627e+03  -1.5319854761e+03  -4.1469983677e-02  -1.5121919673e+03  -7.4168274249e-01  -1.4714205154e-03  -7.4168290432e-01  -3.0029832343e-02
1.9388706131e-01  -3.9542388344e-02  -1.4816667252e+03  -1.5599059877e+03  -3.9521136765e-02  -1.5392218552e+03  -7.5496363920e-01  -1.6434875632e-03  -7.5496379341e-01  -3.0707656629e-02
2.0037087064e-01  -3.7458777956e-02  -1.4929370613e+03  -1.5796376531e+03  -3.7438649998e-02  -1.5574573569e+03  -7.6395388409e-01  -1.9457512651e-03  -7.6395403015e-01  -3.1345114917e-02
2.0707160308e-01  -3.5402064962e-02  -1.4998978559e+03  -1.5960651931e+03  -3.5383045923e-02  -1.5722390433e+03  -7.7125340385e-01  -2.2639358987e-03  -7.7125354187e-01  -3.1932649297e-02
2.1399670588e-01  -3.3540417532e-02  -1.5129473392e+03  -1.6160503760e+03  -3.3522400729e-02  -1.5909788764e+03  -7.8047544907e-01  -2.4699910425e-03  -7.8047557981e-01  -3.2486554091e-02
2.2115405212e-01  -3.1970890113e-02  -1.5401374148e+03  -1.6451880103e+03  -3.1953716074e-02  -1.6196498187e+03  -7.9453567488e-01  -2.4849603299e-03  -7.9453579951e-01  -3.3043409325e-02
2.2855202667e-01  -3.0672628976e-02  -1.5826165639e+03  -1.6846705919e+03  -3.0656150057e-02  -1.6594311636e+03  -8.1401503738e-01  -2.3261277164e-03  -8.1401515696e-01  -3.3642246229e-02
2.3619962575e-01  -2.9520071911e-02  -1.6332847295e+03  -1.7301642879e+03  -2.9504209460e-02  -1.7055535771e+03  -8.3659349608e-01  -2.1067385508e-03  -8.3659361118e-01  -3.4302430502e-02
2.4410657201e-01  -2.8353938712e-02  -1.6802353860e+03  -1.7738596459e+03  -2.8338701224e-02  -1.7495694986e+03  -8.5815374257e-01  -1.9776862127e-03  -8.5815385314e-01  -3.5010182198e-02
2.5228344779e-01  -2.7072901379e-02  -1.7137912566e+03  -1.8090634541e+03  -2.7058352501e-02  -1.7843259552e+03  -8.7520461471e-01  -2.0366843815e-03  -8.7520472028e-01  -3.5724751037e-02
2.6074184977e-01  -2.5690222080e-02  -1.7330278135e+03  -1.8346872796e+03  -2.5676417811e-02  -1.8087670081e+03  -8.8722469331e-01  -2.2605638821e-03  -8.8722479348e-01  -3.6403744650e-02
2.6949456925e-01  -2.4316356959e-02  -1.7469690389e+03  -1.8563674926e+03  -2.4303292613e-02  -1.8290607207e+03  -8.9721623422e-01  -2.5141062273e-03  -8.9721632902e-01  -3.7032992794e-02
2.7855580362e-01  -2.3075591825e-02  -1.7685164654e+03  -1.8827077547e+03  -2.3063194751e-02  -1.8544780898e+03  -9.0969976229e-01  -2.6431932755e-03  -9.0969985225e-01  -3.7638731734e-02
2.8794140592e-01  -2.2014608524e-02  -1.8046626028e+03  -1.9187707719e+03  -2.2002780787e-02  -1.8903754994e+03  -9.2729248590e-01  -2.5928475862e-03  -9.2729257173e-01  -3.8269080774e-02
2.9766918213e-01  -2.1072760182e-02  -1.8505973873e+03  -1.9618310620e+03  -2.1061437268e-02  -1.9336965935e+03  -9.4851075745e-01  -2.4549943760e-03  -9.4851083961e-01  -3.8955177280e-02
3.0775924821e-01  -2.0139852768e-02  -1.8936012276e+03  -2.0035555080e+03  -2.0129030472e-02  -1.9754249347e+03  -9.6896024871e-01  -2.3922762163e-03  -9.6896032724e-01  -3.9683849379e-02
3.1823446327e-01  -1.9153138216e-02  -1.9245601768e+03  -2.0375446129e+03  -1.9142846451e-02  -2.0087443518e+03  -9.8531300478e-01  -2.4905698726e-03  -9.8531307946e-01  -4.0409263334e-02
3.2912096071e-01  -1.8146077468e-02  -1.9468109014e+03  -2.0655538821e+03  -1.8136327598e-02  -2.0356628693e+03  -9.9854161969e-01  -2.6760540428e-03  -9.9854169044e-01  -4.1097970042e-02
3.4044880671e-01  -1.7201926540e-02  -1.9726533493e+03  -2.0956692543e+03  -1.7192684323e-02  -2.0649224799e+03  -1.0129069203e+00  -2.7924772016e-03  -1.0129069874e+00  -4.1764135172e-02
3.5225282632e-01  -1.6360447897e-02  -2.0098435957e+03  -2.1334410377e+03  -1.6351657481e-02  -2.1024103408e+03  -1.0312844235e+00  -2.7728899976e-03  -1.0312844873e+00  -4.2454333922e-02
3.6457365282e-01  -1.5579516112e-02  -2.0528028189e+03  -2.1755876792e+03  -1.5571144826e-02  -2.1444816491e+03  -1.0519028163e+00  -2.7143672144e-03  -1.0519028771e+00  -4.3193556006e-02
3.7745907864e-01  -1.4794451174e-02  -2.0901046460e+03  -2.2144644346e+03  -1.4786501682e-02  -2.1829048534e+03  -1.0707480520e+00  -2.7513987515e-03  -1.0707481097e+00  -4.3956234855e-02
3.9096581954e-01  -1.3998680383e-02  -2.1198922026e+03  -2.2484294387e+03  -1.3991158780e-02  -2.2160107282e+03  -1.0870006301e+00  -2.8770250349e-03  -1.0870006846e+00  -4.4704061906e-02
4.0516185461e-01  -1.3238854811e-02  -2.1519544612e+03  -2.2838640998e+03  -1.3231741601e-02  -2.2507119660e+03  -1.1040289183e+00  -2.9624013380e-03  -1.1040289700e+00  -4.5443119889e-02
4.2012958304e-01  -1.2535930337e-02  -2.1921779939e+03  -2.3250639691e+03  -1.2529194638e-02  -2.2915456350e+03  -1.1240498648e+00  -2.9611635832e-03  -1.1240499137e+00  -4.6214366535e-02
4.3597016398e-01  -1.1856182829e-02  -2.2336084242e+03  -2.3677050252e+03  -1.1849812256e-02  -2.3337746135e+03  -1.1447576029e+00  -2.9765066386e-03  -1.1447576491e+00  -4.7028051682e-02
4.5280960879e-01  -1.1175179254e-02  -2.2702881001e+03  -2.4076271809e+03  -1.1169174699e-02  -2.3729624973e+03  -1.1639861026e+00  -3.0644346944e-03  -1.1639861462e+00  -4.7854450270e-02
4.7080753825e-01  -1.0513902856e-02  -2.3085780767e+03  -2.4489279399e+03  -1.0508253659e-02  -2.4135604113e+03  -1.1839033032e+00  -3.1359303384e-03  -1.1839033442e+00  -4.8691621493e-02
4.9017011247e-01  -9.8819195920e-03  -2.3526853196e+03  -2.4947679084e+03  -9.8766098900e-03  -2.4588861304e+03  -1.2061311074e+00  -3.1616516599e-03  -1.2061311459e+00  -4.9573930822e-02
5.1116971824e-01  -9.2563515188e-03  -2.3965976221e+03  -2.5413613149e+03  -9.2513779514e-03  -2.5048048440e+03  -1.2286556504e+00  -3.2241576730e-03  -1.2286556865e+00  -5.0503054244e-02
5.3417603087e-01  -8.6363666791e-03  -2.4415260942e+03  -2.5894645384e+03  -8.6317262643e-03  -2.5521443032e+03  -1.2518787879e+00  -3.2987461902e-03  -1.2518788216e+00  -5.1470746783e-02
5.5970709656e-01  -8.0273855678e-03  -2.4918307237e+03  -2.6423614686e+03  -8.0230723384e-03  -2.6043498667e+03  -1.2774840847e+00  -3.3504631695e-03  -1.2774841160e+00  -5.2508357304e-02
5.8851753150e-01  -7.4145369272e-03  -2.5444612923e+03  -2.6983972894e+03  -7.4105530027e-03  -2.6595443909e+03  -1.3045593039e+00  -3.4292505135e-03  -1.3045593328e+00  -5.3628705483e-02
6.2175980605e-01  -6.7961895651e-03  -2.6032970210e+03  -2.7606368534e+03  -6.7925378782e-03  -2.7209120422e+03  -1.3346603393e+00  -3.5023035472e-03  -1.3346603658e+00  -5.4860280897e-02
6.6129974048e-01  -6.1598701319e-03  -2.6691476393e+03  -2.8305355386e+03  -6.1565603511e-03  -2.7897942831e+03  -1.3684487191e+00  -3.5930311171e-03  -1.3684487431e+00  -5.6251111944e-02
7.1038293135e-01  -5.4925718953e-03  -2.7464561484e+03  -2.9124561174e+03  -5.4896206605e-03  -2.8705454466e+03  -1.4080583042e+00  -3.6945832005e-03  -1.4080583256e+00  -5.7876940288e-02
7.7515594957e-01  -4.7721099671e-03  -2.8412126397e+03  -3.0129116365e+03  -4.7695458455e-03  -2.9695597850e+03  -1.4566264679e+00  -3.8205584941e-03  -1.4566264865e+00  -5.9871884309e-02
8.6826052719e-01  -3.9696661279e-03  -2.9653299709e+03  -3.1444951110e+03  -3.9675331698e-03  -3.0992553105e+03  -1.5202442838e+00  -3.9857759043e-03  -1.5202442993e+00  -6.2485193482e-02
1.0154963928e+00  -3.0714669430e-03  -3.1385294404e+03  -3.3281147439e+03  -3.0698165995e-03  -3.2802401454e+03  -1.6090204025e+00  -4.2166577697e-03  -1.6090204144e+00  -6.6132276905e-02
1.2498495999e+00  -2.1776680920e-03  -3.3708214649e+03  -3.5743877282e+03  -2.1764979993e-03  -3.5229784302e+03  -1.7280877020e+00  -4.5270481861e-03  -1.7280877105e+00  -7.1024478318e-02
1.5708633179e+00  -1.4844325966e-03  -3.6296947351e+03  -3.8488478416e+03  -1.4836349897e-03  -3.7934983414e+03  -1.8607824996e+00  -4.8742713190e-03  -1.8607825053e+00  -7.6477859724e-02
1.9775503954e+00  -1.0046704042e-03  -3.8932709648e+03  -4.1283026455e+03  -1.0041305811e-03  -4.0689399047e+03  -1.9958916218e+00  -5.2299746041e-03  -1.9958916257e+00  -8.2032542211e-02
2.4895882626e+00  -6.7721340310e-04  -4.1592822937e+03  -4.4103506555e+03  -6.7684952787e-04  -4.3469356559e+03  -2.1322539289e+00  -5.5924915581e-03  -2.1322539315e+00  -8.7642125155e-02
3.1342059286e+00  -4.5482869577e-04  -4.4273225528e+03  -4.6945680427e+03  -4.5458431158e-04  -4.6270667914e+03  -2.2696641688e+00  -5.9636008173e-03  -2.2696641705e+00  -9.3300399651e-02
3.9457314893e+00  -3.0446281900e-04  -4.6970604544e+03  -4.9806143839e+03  -3.0429922902e-04  -4.9089960900e+03  -2.4079572485e+00  -6.3467254278e-03  -2.4079572497e+00  -9.9004287155e-02
4.9673816400e+00  -2.0319462851e-04  -4.9682108000e+03  -5.2682058153e+03  -2.0308545177e-04  -5.1924408790e+03  -2.5469950419e+00  -6.7479016018e-03  -2.5469950427e+00  -1.0475426189e-01
6.2535629766e+00  -1.3523646918e-04  -5.2405097514e+03  -5.5570932529e+03  -1.3516380768e-04  -5.4771508751e+03  -2.6866556600e+00  -7.1774019338e-03  -2.6866556605e+00  -1.1055549746e-01
7.8727693455e+00  -8.9779403726e-05  -5.5136882274e+03  -5.8470424860e+03  -8.9731167252e-05  -5.7628872709e+03  -2.8268234100e+00  -7.6524101340e-03  -2.8268234103e+00  -1.1642005101e-01
9.9112293903e+00  -5.9463326339e-05  -5.7874987161e+03  -6.1378749974e+03  -5.9431379389e-05  -6.0494610370e+03  -2.9674079611e+00  -8.2015176298e-03  -2.9674079613e+00  -1.2237192579e-01
1.2477498542e+01  -3.9299585615e-05  -6.0616501977e+03  -6.4294205355e+03  -3.9278473170e-05  -6.3366828145e+03  -3.1083203229e+00  -8.8719190296e-03  -3.1083203231e+00  -1.2845306218e-01
